,z,y,x1,x2,x3,x4,x5,x6,x7,x8,x9,x10,x11,x12,x13,x14,x15,x16
42,1.0,0.0,3.5086056715707854,-0.16340150293512454,-0.25484928849225513,-0.06032236684187633,-0.27439255569134613,-0.5943779771675591,-0.5834486186649945,0.868184458708747,-0.21577180048200373,2.1495115128215745,-0.5756637136575082,-0.28494313222077117,-0.605101325176539,1.0898660416123909,-1.062170250581391,0.6997042439378375
43,1.0,0.0,3.1653981997559475,-0.2143464273567705,-0.23865812316168475,-0.06032236684187633,-0.2405445206927521,-0.6000988261032276,-0.586274403204083,0.4631243662811273,-0.24338137350764358,2.1495115128215745,-0.5756637136575082,-0.28494313222077117,-0.605101325176539,1.0898660416123909,-1.062170250581391,0.6511554247854414
44,0.0,0.0,9.915145145447763,-0.2313280688306525,-0.3358051151451069,-0.06032236684187633,-0.2405445206927521,-0.6000988261032276,-0.586274403204083,0.31122683162076986,-0.2709909465332834,2.1495115128215745,-0.5756637136575082,-0.28494313222077117,-0.605101325176539,1.0898660416123909,-1.062170250581391,0.6511554247854414
45,1.0,0.0,3.1653981997559475,-0.2143464273567705,-0.23865812316168475,-0.06032236684187633,-0.27439255569134613,-0.6000988261032276,-0.586274403204083,0.6403381567182109,-0.2709909465332834,2.1495115128215745,-0.5756637136575082,-0.28494313222077117,-0.605101325176539,1.0898660416123909,-1.062170250581391,0.6511554247854414
46,1.0,0.0,3.1653981997559475,-0.2143464273567705,-0.23865812316168475,-0.06032236684187633,-0.2405445206927521,-0.5943779771675591,-0.586274403204083,2.62766423519122,-0.2709909465332834,2.1495115128215745,-0.5728331709484149,-0.299802719050718,-0.605101325176539,1.0898660416123909,-1.062170250581391,0.6511554247854414
47,1.0,0.0,3.1653981997559475,-0.2143464273567705,-0.23865812316168475,-0.06032236684187633,-0.27439255569134613,-0.6000988261032276,-0.586274403204083,0.9821076097040151,-0.2709909465332834,2.1495115128215745,-0.5756637136575082,-0.28494313222077117,-0.605101325176539,1.0898660416123909,-1.062170250581391,0.6511554247854414
48,0.0,0.0,9.915145145447763,-0.2313280688306525,-0.3358051151451069,-0.06032236684187633,-0.2405445206927521,-0.6000988261032276,-0.586274403204083,0.9188169702621996,-0.2019670139691838,2.1495115128215745,-0.5756637136575082,-0.28494313222077117,-0.605101325176539,1.0898660416123909,-1.062170250581391,0.6511554247854414
49,1.0,0.0,6.711875408509274,-0.2313280688306525,-0.25484928849225513,-0.06032236684187633,-0.2405445206927521,-0.6000988261032276,-0.586274403204083,0.6403381567182109,-0.2709909465332834,2.1495115128215745,-0.5756637136575082,-0.28494313222077117,-0.605101325176539,1.0898660416123909,-1.062170250581391,0.6511554247854414
50,0.0,0.0,9.915145145447763,-0.2313280688306525,-0.3358051151451069,-0.06032236684187633,-0.2405445206927521,-0.6000988261032276,-0.586274403204083,0.7795775634902052,-0.2709909465332834,2.1495115128215745,-0.5756637136575082,-0.28494313222077117,-0.605101325176539,1.0898660416123909,-1.062170250581391,0.6511554247854414
51,0.0,0.0,9.915145145447763,-0.2313280688306525,-0.3358051151451069,-0.06032236684187633,-0.2405445206927521,-0.5943779771675591,-0.586274403204083,1.0074238654807413,-0.24338137350764358,2.1495115128215745,-0.5756637136575082,-0.28494313222077117,-0.605101325176539,1.0898660416123909,-1.062170250581391,0.6511554247854414
52,0.0,0.0,9.915145145447763,-0.2313280688306525,-0.3358051151451069,-0.06032236684187633,-0.2405445206927521,-0.5943779771675591,-0.586274403204083,0.7416031798251159,-0.2571861600204635,2.1495115128215745,-0.5756637136575082,-0.28494313222077117,-0.605101325176539,1.0898660416123909,-1.062170250581391,0.6511554247854414
53,0.0,0.0,2.8221907279411096,-0.18038314440900652,-0.28723161915339585,-0.06032236684187633,-0.27439255569134613,-0.6000988261032276,-0.586274403204083,2.690954874633036,-0.2571861600204635,2.1495115128215745,-0.5756637136575082,-0.28494313222077117,-0.605101325176539,1.0898660416123909,-1.062170250581391,0.6254034424524312
54,0.0,0.0,3.6230081621757315,-0.2992546347261804,-0.28723161915339585,-0.06032236684187633,-0.2405445206927521,-0.6000988261032276,-0.586274403204083,1.4757745973501768,-0.14674786791790406,2.1495115128215745,-0.5756637136575082,-0.28494313222077117,-0.605101325176539,1.0898660416123909,-1.062170250581391,0.6254034424524312
55,0.0,0.0,3.6230081621757315,-0.2992546347261804,-0.28723161915339585,-0.06032236684187633,-0.2405445206927521,-0.6000988261032276,-0.586274403204083,1.7669115387825283,-0.2709909465332834,2.1495115128215745,-0.5756637136575082,-0.28494313222077117,-0.605101325176539,1.0898660416123909,-1.062170250581391,0.6254034424524312
56,0.0,0.0,7.055082880324112,-0.2313280688306525,-0.3358051151451069,-0.06032236684187633,-0.27439255569134613,-0.6000988261032276,-0.586274403204083,0.6909706682716634,-0.2709909465332834,2.1495115128215745,-0.5756637136575082,-0.28494313222077117,-0.605101325176539,1.0898660416123909,-1.062170250581391,0.6026066056330452
57,1.0,0.0,5.68225299306476,-0.24830971030453447,-0.23865812316168475,-0.06032236684187633,-0.27439255569134613,-0.6000988261032276,-0.5834486186649945,-0.05585887714176057,-0.2709909465332834,2.1495115128215745,-0.5756637136575082,-0.28494313222077117,-0.605101325176539,1.097896328917395,-0.8307563575411315,0.22561447082356922
58,1.0,0.0,3.9662156339905694,-0.3162362762000624,-0.28723161915339585,-0.06032236684187633,-0.2405445206927521,-0.6000988261032276,-0.586274403204083,1.1466632722527357,-0.2019670139691838,2.1495115128215745,-0.5756637136575082,-0.28494313222077117,-0.605101325176539,1.097896328917395,-0.8307563575411315,0.22561447082356922
59,0.0,0.0,6.025460464879598,-0.16340150293512454,-0.23865812316168475,-0.06032236684187633,-0.2405445206927521,-0.6000988261032276,-0.5834486186649945,8.564326214833523,-0.24338137350764358,2.1495115128215745,-0.5756637136575082,-0.28494313222077117,-0.605101325176539,1.097896328917395,-0.8307563575411315,0.22561447082356922
60,1.0,0.0,3.8518131433856233,-0.16340150293512454,-0.23865812316168475,-0.06032236684187633,-0.2405445206927521,-0.5943779771675591,-0.586274403204083,1.4504583415734504,-0.2709909465332834,2.1495115128215745,-0.5728331709484149,-0.299802719050718,-0.605101325176539,1.097896328917395,-0.8307563575411315,0.2239258162443554
61,0.0,0.0,3.0509957091510014,-0.2143464273567705,-0.23865812316168475,-0.06032236684187633,-0.2405445206927521,-0.5943779771675591,-0.586274403204083,2.4504504447541366,-0.2709909465332834,2.1495115128215745,-0.5728331709484149,-0.299802719050718,-0.605101325176539,1.097896328917395,-0.8307563575411315,0.2239258162443554
62,0.0,0.0,3.0509957091510014,-0.2143464273567705,-0.23865812316168475,-0.06032236684187633,-0.2405445206927521,-0.6000988261032276,-0.5834486186649945,1.6276721320105338,-0.2709909465332834,2.1495115128215745,-0.5728331709484149,-0.299802719050718,-0.605101325176539,1.097896328917395,-0.8307563575411315,0.2239258162443554
63,1.0,0.0,3.3942031809658397,-0.16340150293512454,-0.23865812316168475,-0.06032236684187633,-0.27439255569134613,-0.6000988261032276,-0.586274403204083,7.614966623206289,-0.22957658699482364,2.1495115128215745,-0.5756637136575082,-0.28494313222077117,-0.605101325176539,1.097896328917395,-0.8307563575411315,0.2239258162443554
64,1.0,0.0,3.6230081621757315,-0.2143464273567705,-0.23865812316168475,-0.06032236684187633,-0.2405445206927521,-0.6000988261032276,-0.586274403204083,2.0327322244381536,-0.2709909465332834,-0.5850577122435912,-0.5728331709484149,-0.2700835453908243,-0.605101325176539,1.097896328917395,-0.8307563575411315,0.22097067073073132
65,1.0,0.0,4.0806181245955155,-0.16340150293512454,-0.25484928849225513,-0.06032236684187633,-0.2405445206927521,-0.5943779771675591,-0.586274403204083,4.703597208882772,-0.2709909465332834,-0.5905932774765166,-0.5728331709484149,-0.2700835453908243,-0.605101325176539,1.097896328917395,-0.8307563575411315,0.22097067073073132
66,1.0,0.0,6.25426544608949,-0.2313280688306525,-0.3358051151451069,-0.06032236684187633,-0.27439255569134613,-0.6000988261032276,-0.586274403204083,1.9947578407730644,-0.2571861600204635,-0.5905932774765166,-0.5700026282393217,-0.299802719050718,-0.605101325176539,1.097896328917395,-0.8307563575411315,0.22097067073073132
67,1.0,0.0,6.597472917904328,-0.3162362762000624,-0.23865812316168475,-0.06032236684187633,-0.2405445206927521,-0.6000988261032276,-0.5834486186649945,1.3871677021316349,-0.18816222745636385,2.1495115128215745,-0.5756637136575082,-0.28494313222077117,-0.605101325176539,1.097896328917395,-0.8307563575411315,0.22097067073073132
68,0.0,0.0,6.25426544608949,-0.3162362762000624,-0.23865812316168475,-0.06032236684187633,-0.2405445206927521,-0.6000988261032276,-0.586274403204083,4.539041546334051,-0.2709909465332834,2.1495115128215745,-0.5728331709484149,-0.299802719050718,-0.605101325176539,1.097896328917395,-0.8307563575411315,0.21674903428269687
69,1.0,0.0,3.5086056715707854,-0.24830971030453447,-0.23865812316168475,-0.06032236684187633,-0.2405445206927521,-0.6000988261032276,-0.5834486186649945,0.08338052963023372,-0.2709909465332834,2.1495115128215745,-0.5756637136575082,-0.28494313222077117,-0.605101325176539,1.097896328917395,-0.8307563575411315,0.21674903428269687
112,1.0,0.0,-0.1522740277874877,1.0271667529298978,-0.3358051151451069,-0.06032236684187633,-0.27439255569134613,1.9914372095175041,-0.09967105899427438,-0.2737842689355767,-0.9604576608590077,-0.8030915371346713,-0.6382562195906737,-0.299802719050718,-0.04155947232136296,-0.3275407345444462,0.4634651840022175,-0.05090271652268703
113,1.0,0.0,-0.1522740277874877,0.17285734083201648,-0.3358051151451069,-0.06032236684187633,-0.27439255569134613,-0.6731197059381663,-0.7896203834365275,-0.8818111537946546,-0.32837616483562865,-0.045234305131855564,1.8994817175424221,-0.299802719050718,-0.04155947232136296,-0.3275407345444462,1.1566454761112814,-0.05090271652268703
114,0.0,0.0,-0.1522740277874877,0.16401368029480567,-0.25101944052485203,-0.06032236684187633,-0.2565870257865408,0.5841859594729816,-0.7473714963793311,-0.21311719146025546,1.3432246914597858,1.2194059801284225,-0.7596271083172268,0.41292482946473785,-0.04155947232136296,-1.0941147847170263,-0.6477373195923256,-0.05090271652268703
115,1.0,0.0,-0.1522740277874877,-0.1549437276091171,0.8614602424740239,-0.06032236684187633,-0.17186797727462857,-0.7646863526603886,-0.7636597857456531,-0.619698083961133,-0.2574989975524793,0.535390291076805,1.3024154280628286,-1.0459344254421992,-0.04155947232136296,-0.3120054279758868,1.491965792591632,-0.05090271652268703
116,1.0,0.0,-0.1522740277874877,2.5528221367741057,-0.3358051151451069,-0.06032236684187633,-0.27439255569134613,-0.66667849405717,-0.7378020952025801,-0.9648998393164535,-0.23012269078884132,-0.31417693214771586,2.136909613342175,-0.299802719050718,-0.04155947232136296,-0.3275407345444462,0.2818015264968003,-0.05090271652268703
117,1.0,0.0,-0.1522740277874877,-1.120674604342276,-0.3358051151451069,-0.06032236684187633,-0.27439255569134613,-0.8022478782816858,1.8857822599397487,0.9069350930353081,0.3395019813454007,-0.6976645514689214,0.008911569999767662,-0.299802719050718,-0.04155947232136296,-0.3275407345444462,-0.3487069559123049,-0.05090271652268703
118,0.0,0.0,-0.1522740277874877,1.2796033971032692,0.5788327013510618,-0.06032236684187633,-1.1403834853666737,0.7046954724112741,1.1473345032045872,-0.22130335417003544,-0.3266544703937006,-0.7082391180430526,-0.8147204996842646,0.0613351036475534,-0.04155947232136296,0.6555354098079235,-0.29051637303207145,-0.05090271652268703
119,1.0,0.0,-0.1522740277874877,-0.3162362762000624,1.3860204778553569,-0.06032236684187633,-1.0346436046553193,0.3355086412701188,1.5014858634459878,-0.2963633070206598,-0.2847957330461034,-0.672385221513321,-0.822756201311115,-0.1097678763935136,-0.04155947232136296,0.13136186081296664,-0.30094033926474845,-0.05090271652268703
120,0.0,0.0,-0.1522740277874877,0.7941565216797459,-0.3358051151451069,-0.06032236684187633,-0.27439255569134613,2.047050579852935,-0.16974883544906771,0.02619374032487174,-0.9758495173726124,-0.7951606509243849,-0.6329394392932562,-0.299802719050718,-0.04155947232136296,-0.3275407345444462,0.49239634318393505,-0.05090271652268703
121,0.0,0.0,-0.1522740277874877,-0.30460445043974377,0.779935689910883,-0.06032236684187633,0.1391735334746383,-0.8401528309595218,-0.6784870508166162,-0.3382491485158346,-0.20126377867980935,1.084033530228439,0.7162869001577442,-1.0609646268985644,-0.04155947232136296,0.5048511610518631,1.1297705448813389,-0.05090271652268703
122,0.0,0.0,-0.1522740277874877,-0.07212056916458921,0.0016827207269997863,-0.06032236684187633,0.23760797672414632,0.9923443858688427,-0.8036133223659525,-0.2728756218541672,1.0611938107795396,0.8109095419387264,-0.699414357327075,0.6734888003846912,-0.04155947232136296,-1.1379406837038886,-0.43568919007598456,-0.05090271652268703
123,0.0,0.0,-0.1522740277874877,3.6626577991120564,-0.3358051151451069,-0.06032236684187633,-0.27439255569134613,-0.6050893693181083,-0.6044648827732377,-0.9477566053217661,-0.16898372066729986,-0.5952350995616342,2.252855872021521,-0.299802719050718,-0.04155947232136296,-0.3275407345444462,-0.2659677135877255,-0.05090271652268703
124,0.0,0.0,-0.1522740277874877,-0.3162362762000624,-0.3583014028135509,-0.06032236684187633,1.8374105303335353,1.7437014446741657,-0.8389912410164502,-0.2963633070206598,-0.2847957330461034,0.06533541353822686,-0.5789977477946512,0.13721811848942383,-0.04155947232136296,-0.9812586535487675,-0.30094033926474845,-0.05090271652268703
125,0.0,0.0,-0.1522740277874877,-0.34530819513523814,-0.3358051151451069,-0.06032236684187633,-0.27439255569134613,-0.07248393329162775,-0.6786217606327668,0.724712681117004,0.8627522679235428,1.8657962618453923,-0.7660227745168238,-0.299802719050718,-0.04155947232136296,-0.3275407345444462,-1.0598767578886077,-0.05090271652268703
126,0.0,0.0,-0.1522740277874877,-0.07057564185425232,-0.3358051151451069,-0.06032236684187633,-0.27439255569134613,0.02269689908889862,-0.6718888117757271,0.12455497284063469,1.1108872143227408,1.7738081163238026,-0.7787590897780475,-0.299802719050718,-0.04155947232136296,-0.3275407345444462,-1.0023860516806629,-0.05090271652268703
127,1.0,0.0,-0.1522740277874877,-0.23650614079658674,-0.187403489504404,-0.06032236684187633,0.4016288127680456,1.0706624374388363,-0.789424694445863,-0.2157902700316711,1.0244016570896313,0.7338644110769996,-0.7183812746252612,-0.07342730953803749,-0.04155947232136296,-0.9579379313827586,-0.32324733012843093,-0.05090271652268703
128,1.0,0.0,-0.1522740277874877,-0.2564604071848788,-0.3358051151451069,-0.06032236684187633,-0.27439255569134613,0.47746025278478005,-0.7487225588065705,-0.10759033917778377,1.3991159847891386,1.3433202260115977,-0.7591035222833826,-0.299802719050718,-0.04155947232136296,-0.3275407345444462,-0.8169748187516578,-0.05090271652268703
129,0.0,0.0,-0.1522740277874877,-0.3162362762000624,-0.10831659723959086,-0.06032236684187633,1.0543548315213847,1.336751740948724,-0.976900852674697,-0.2963633070206598,-0.2847957330461034,0.516561178961156,-0.3820604516088296,4.98146136999916,-0.04155947232136296,-1.1243840654171644,-0.30094033926474845,-0.05090271652268703
130,1.0,0.0,-0.1522740277874877,-0.3162362762000624,1.1835337981222647,-0.06032236684187633,-0.3656391058380454,-0.5566486715312522,2.2289467971235988,-0.2963633070206598,-0.2847957330461034,-0.6105104093176248,-0.6078685588234879,-0.24823999851480363,-0.04155947232136296,-0.23752743748902236,-0.30094033926474845,-0.05090271652268703
131,0.0,0.0,-0.1522740277874877,-0.3162362762000624,1.611720721621517,-0.06032236684187633,-0.282048578453075,-0.8700136388901015,-0.6155070221522366,-0.2963633070206598,-0.2847957330461034,1.207988171836685,0.6071402141843877,-0.9472745518259761,-0.04155947232136296,0.7539328210665066,-0.30094033926474845,-0.05090271652268703
132,0.0,0.0,-0.1522740277874877,-0.22266224968148074,-0.24774509327606387,-0.06032236684187633,0.11031645222979965,0.9559102939373445,-0.8145291026760255,-0.2187409995048455,1.0658607731558847,0.8637726925025846,-0.6803315771153954,1.563360899589197,-0.04155947232136296,-0.9600978993980791,-0.578785975861107,-0.05090271652268703
133,1.0,0.0,-0.1522740277874877,-1.0749640259820978,-0.3358051151451069,-0.06032236684187633,-0.27439255569134613,-0.7532376858727442,2.1032763508448062,0.2919452588239711,5.687919491204385,-0.7682111752846487,-0.22618820716447025,-0.299802719050718,-0.04155947232136296,-0.3275407345444462,-0.20192655154047798,-0.05090271652268703
134,1.0,0.0,-0.1522740277874877,-0.213560029388718,2.1926795985278145,-0.06032236684187633,-0.07750709850667285,-0.6548047633726818,-0.5038841794156266,-0.5155865917604806,-0.163302768794978,-0.6228020710093383,-0.5287815869879758,-0.8831665447433952,-0.04155947232136296,-0.30158867583823606,0.9584086574551252,-0.05090271652268703
135,1.0,0.0,-0.1522740277874877,-1.0078388646598684,-0.3358051151451069,-0.06032236684187633,-0.27439255569134613,-0.48684566192914885,-0.5241169172279249,0.2917183297883959,0.17559055370969323,-0.7407896427770394,-0.5674727440217399,-0.299802719050718,-0.04155947232136296,-0.3275407345444462,0.03101318496572891,-0.05090271652268703
136,1.0,0.0,-0.1522740277874877,0.24770418884124512,-0.3358051151451069,-0.06032236684187633,-0.27439255569134613,-0.6060255044804157,-0.6479184672602687,0.14986600362947755,0.10145017292854001,-0.5572283310411198,-0.5281188835751955,-0.299802719050718,-0.04155947232136296,-0.3275407345444462,-0.6339429273258346,-0.05090271652268703
137,1.0,0.0,-0.1522740277874877,-0.3162362762000624,-0.8188395888332503,-0.06032236684187633,-0.0664223870889476,-0.5852752452577806,-0.1975980822358559,-0.2963633070206598,-0.2847957330461034,-0.8165722982069583,2.0234388110971433,1.3963539480365943,-0.04155947232136296,-0.09483190997378661,-0.30094033926474845,-0.05090271652268703
138,0.0,0.0,-0.1522740277874877,1.4664975728960015,-0.2028182592369295,-0.06032236684187633,-0.955653540720561,1.1053414706199904,0.8024316684881934,-0.11552745706925392,-1.0018470043630876,-0.6655226366295293,-0.8658745225471544,-0.22702928341359274,-0.04155947232136296,5.082409000028641,-0.11878288164848064,-0.05090271652268703
139,1.0,0.0,-0.1522740277874877,-0.9784025069219825,-0.3358051151451069,-0.06032236684187633,-0.27439255569134613,-0.8167148803153547,1.821619928560502,1.0302860051865028,-0.0683124404865228,-0.6843526672830316,0.07552486253913426,-0.299802719050718,-0.04155947232136296,-0.3275407345444462,-0.3468592812893801,-0.05090271652268703
182,1.0,0.0,-0.1522740277874877,0.2071826130417031,-0.3358051151451069,-0.06032236684187633,-0.27439255569134613,-0.7003236501532222,-0.7888087822622998,-0.8524765355561198,-0.3073810194313637,0.09687618422920537,1.7651630400353913,-0.299802719050718,-0.04155947232136296,-0.3275407345444462,1.4452149895336277,-0.05090271652268703
183,1.0,0.0,-0.1522740277874877,-0.3254388051691843,-0.3358051151451069,-0.06032236684187633,-0.27439255569134613,-0.1456190281896974,-0.639099062366045,0.15762117722670735,0.701801188904864,1.9197532158123671,-0.7659837330915487,-0.299802719050718,-0.04155947232136296,-0.3275407345444462,-1.0487642389786656,-0.05090271652268703
184,0.0,0.0,-0.1522740277874877,0.1727416533516258,-0.3358051151451069,-0.06032236684187633,-0.27439255569134613,2.1774570300306992,-0.3494189610016568,-0.035323693161262326,-1.0173073759257152,-0.7532132719480895,-0.5994894792125651,-0.299802719050718,-0.04155947232136296,-0.3275407345444462,0.2912564409074649,-0.05090271652268703
185,1.0,0.0,-0.1522740277874877,-0.311956183862402,-0.3358051151451069,-0.06032236684187633,-0.27439255569134613,-0.17801659155006608,-0.6378710877829281,0.2833654699849311,0.5991204368173738,1.9461656343324079,-0.7604672400616854,-0.299802719050718,-0.04155947232136296,-0.3275407345444462,-1.0609650148350196,-0.05090271652268703
186,1.0,0.0,-0.1522740277874877,-0.2743985777669816,-0.3358051151451069,-0.06032236684187633,-0.27439255569134613,0.5239917897559002,-0.7889316127074556,-0.02235847244552192,1.3887504396401227,1.3062301193367643,-0.7191926721559688,-0.299802719050718,-0.04155947232136296,-0.3275407345444462,-0.9870866868391923,-0.05090271652268703
187,1.0,0.0,-0.1522740277874877,-0.6475188760398722,-1.2119382205011893,-0.06032236684187633,1.3122731038277708,-0.7466607778076303,1.0819295110077638,1.0506200324045964,-0.18762151230528218,-0.8080569650320732,0.800672291631972,-0.18308252360841493,-0.04155947232136296,-0.22067362346420302,-0.23674829375966508,-0.05090271652268703
188,0.0,0.0,-0.1522740277874877,-0.3162362762000624,-0.3303397847560331,-0.06032236684187633,-0.21051142192993455,-0.6195537175331611,-0.5842401143905146,-0.2963633070206598,-0.2847957330461034,2.146810942276604,-0.5564626378647439,-0.31370018532834204,-0.04155947232136296,1.0977786794715962,-0.30094033926474845,-0.05090271652268703
189,1.0,0.0,-0.1522740277874877,-0.27705542344918516,-0.3358051151451069,-0.06032236684187633,-0.27439255569134613,2.257036645773476,-0.5453657742801383,-0.20542905808204048,-1.0102668786436653,-0.6502572224668103,-0.5793687018778266,-0.299802719050718,-0.04155947232136296,-0.3275407345444462,0.805306435484504,-0.05090271652268703
190,0.0,0.0,-0.1522740277874877,-0.911656247635982,-0.3358051151451069,-0.06032236684187633,-0.27439255569134613,-0.7941697133732176,1.489652101887436,1.2839199357915154,-0.07892476951301904,-0.757960329506439,0.4051705039741707,-0.299802719050718,-0.04155947232136296,-0.3275407345444462,0.15603777286536388,-0.05090271652268703
191,0.0,0.0,-0.1522740277874877,-0.3162362762000624,0.1404003530757227,-0.06032236684187633,1.7294645834885674,1.6296624100600965,-0.8359114496456147,-0.2963633070206598,-0.2847957330461034,0.17556192152717287,-0.6062164728771976,0.15323170096142236,-0.04155947232136296,-0.9913461480231298,-0.30094033926474845,-0.05090271652268703
192,0.0,0.0,-0.1522740277874877,-0.9071324706031992,-0.3358051151451069,-0.06032236684187633,-0.27439255569134613,-0.7950088610605945,1.4887805364448732,1.2848256877037636,-0.0840068765443794,-0.7549883538478109,0.4093167000142874,-0.299802719050718,-0.04155947232136296,-0.3275407345444462,0.1570817849841932,-0.05090271652268703
193,0.0,0.0,-0.1522740277874877,-0.3162362762000624,-0.3866090397801617,-0.06032236684187633,1.3498533922596756,1.4406424244600646,-0.8639169748543636,-0.2963633070206598,-0.2847957330461034,0.3735278135870866,-0.5701198865435028,1.1551020910093994,-0.04155947232136296,-1.1072314778640453,-0.30094033926474845,-0.05090271652268703
194,0.0,0.0,-0.1522740277874877,-0.7835640041744413,-1.2006206084791071,-0.06032236684187633,2.0139328031907517,-0.7432623944280208,1.1634763037002438,1.1105595336101073,-0.1797262328035514,-0.8142398301206303,0.7280614212795657,-0.11848201405903903,-0.04155947232136296,-0.28802957274540736,-0.21809364291735384,-0.05090271652268703
195,0.0,0.0,-0.1522740277874877,-0.3590298360655345,-0.3358051151451069,-0.06032236684187633,-0.27439255569134613,0.10243351348321215,-0.7079521977795252,0.3980536607517345,1.2271683317251931,1.7098553296092338,-0.770411101741053,-0.299802719050718,-0.04155947232136296,-0.3275407345444462,-1.0286050833740277,-0.05090271652268703
196,0.0,0.0,-0.1522740277874877,-0.06762476948346514,-0.3358051151451069,-0.06032236684187633,-0.27439255569134613,-0.11362540071750689,-0.6510147086461806,0.24728563660784478,0.7902961199234313,1.8930449399526126,-0.7685661019668627,-0.299802719050718,-0.04155947232136296,-0.3275407345444462,-1.0444045569798677,-0.05090271652268703
197,1.0,0.0,-0.1522740277874877,-0.3162362762000624,1.2178797499098712,-0.06032236684187633,-0.9441494326600317,0.4207560225087534,1.4231919852686352,-0.2963633070206598,-0.2847957330461034,-0.7080389340014771,-0.8060812424853172,-0.19519099660711572,-0.04155947232136296,-0.13424611859635613,-0.30094033926474845,-0.05090271652268703
198,1.0,0.0,-0.1522740277874877,-0.3162362762000624,-0.8110316922339211,-0.06032236684187633,-0.10062791315252265,-0.5943915072724858,-0.1654043643296325,-0.2963633070206598,-0.2847957330461034,-0.8220600764940325,1.9960227672358533,1.4284714009415376,-0.04155947232136296,-0.24236728659963783,-0.30094033926474845,-0.05090271652268703
199,0.0,0.0,-0.1522740277874877,-0.3162362762000624,-0.5449620865464597,-0.06032236684187633,-0.1719918329429722,-0.5832207839632778,-0.5666975328012146,-0.2963633070206598,-0.2847957330461034,-0.6372108325274239,2.249220533254737,1.0907187469374326,-0.04155947232136296,-0.2801848458895111,-0.30094033926474845,-0.05090271652268703
200,1.0,0.0,-0.1522740277874877,-0.22923162609381306,-0.3358051151451069,-0.06032236684187633,-0.27439255569134613,2.2486808993325815,-0.4944330523799965,-0.16377224492524925,-0.8302454357180916,-0.6795689393174237,-0.588362471507826,-0.299802719050718,-0.04155947232136296,-0.3275407345444462,1.6972155315063169,-0.05090271652268703
201,0.0,0.0,-0.1522740277874877,-0.3223068428749167,-0.3358051151451069,-0.06032236684187633,-0.27439255569134613,0.40740367726435506,-0.7671810389914318,0.09054870691993738,1.4149031009195447,1.4262000565805648,-0.7431737021009239,-0.299802719050718,-0.04155947232136296,-0.3275407345444462,-0.9908192656110713,-0.05090271652268703
202,0.0,0.0,-0.1522740277874877,-0.6953057521491183,-0.9993592251138184,-0.06032236684187633,1.990864181495293,-0.7184255308280496,1.007525632888363,0.9825475401394527,-0.1925429483947969,-0.830983899900882,0.8839379006188022,-0.08983962416102254,-0.04155947232136296,-0.23000077559909957,-0.21318883338638314,-0.05090271652268703
203,1.0,0.0,-0.1522740277874877,-1.0749640259820978,-0.3358051151451069,-0.06032236684187633,-0.27439255569134613,-0.7532376858727442,2.1032763508448062,0.2919452588239711,5.687919491204385,-0.7682111752846487,-0.22618820716447025,-0.299802719050718,-0.04155947232136296,-0.3275407345444462,-0.20192655154047798,-0.05090271652268703
204,1.0,0.0,-0.1522740277874877,-0.1982751007295421,2.4241472484431332,-0.06032236684187633,-0.11667517673530449,-0.6572606388145272,-0.5092352357706219,-0.5467741073390259,-0.12345503441275817,-0.6221848597024537,-0.5241728238068005,-0.8890476651487126,-0.04155947232136296,-0.30693678239927663,0.8284213888580938,-0.05090271652268703
205,1.0,0.0,-0.1522740277874877,4.541307846943154,-0.3358051151451069,-0.06032236684187633,-0.27439255569134613,-0.6804655447237502,-0.5661993047334681,-0.7685768289650677,-0.026921584543574368,-0.5998223319646284,-0.5281277065676007,-0.299802719050718,-0.04155947232136296,-0.3275407345444462,-0.25864975609614094,-0.05090271652268703
206,1.0,0.0,-0.1522740277874877,-0.3162362762000624,0.20113652942446192,-0.06032236684187633,0.2052554511859882,-0.608819563792478,-0.6162105083535622,-0.2963633070206598,-0.2847957330461034,-0.6012596224164606,-0.49154509862482154,0.2156977532342636,-0.04155947232136296,-0.6608643771844889,-0.30094033926474845,-0.05090271652268703
207,1.0,0.0,-0.07859882383789778,-0.9071973994911546,1.1759478006049173,-0.47891559798527317,-0.2574685381920465,-0.6000988261032275,2.236684351345168,-0.2077564118021151,1.5512408731589475,-0.6127355384082183,-0.5756637136575082,-0.2700835453908237,-0.04155947232136627,-0.23594049912614817,-0.30094033926474584,24.856752326880553
208,0.0,0.0,-0.1522740277874877,-0.22340114775439388,-0.3358051151451069,-0.06032236684187633,-0.27439255569134613,2.2487879838419094,-0.4950644037420615,-0.24640268576422575,-0.8306370875592803,-0.678978248189292,-0.6070950278689569,-0.299802719050718,-0.04155947232136296,-0.3275407345444462,5.2280070905573,-0.05090271652268703
209,1.0,0.0,-0.1522740277874877,-0.22973992715979427,-0.3358051151451069,-0.06032236684187633,-0.27439255569134613,-0.41482936556432487,-0.5965633652825238,0.03366791498605325,-0.039858271764525575,2.102242433919502,-0.6978135120558552,-0.299802719050718,-0.04155947232136296,-0.3275407345444462,-0.9265054868333038,-0.05090271652268703
252,1.0,0.0,-0.1522740277874877,-0.3162362762000624,-0.21210836337139125,-0.06032236684187633,-0.20495521502565686,-0.787001935516601,-0.5804755185962256,-0.2963633070206598,-0.2847957330461034,1.950585983868667,-0.22279767133838266,-0.650783574030377,-0.04155947232136296,1.3995112945748707,-0.30094033926474845,-0.05090271652268703
253,1.0,0.0,-0.1522740277874877,-0.3162362762000624,-0.3592649974637574,-0.06032236684187633,-0.173725661269141,-0.597905087110998,-0.5468798951657481,-0.2963633070206598,-0.2847957330461034,-0.6518514291630579,2.2443757975888943,1.0955024617229578,-0.04155947232136296,-0.2799566204175047,-0.30094033926474845,-0.05090271652268703
254,0.0,0.0,-0.1522740277874877,-0.05984636287322035,-0.3358051151451069,-0.06032236684187633,-0.27439255569134613,2.2211392780373345,-0.4289715384312003,-0.08306590754505769,-1.0308901051071948,-0.7210089464594455,-0.5899739438251438,-0.299802719050718,-0.04155947232136296,-0.3275407345444462,0.34776979862495344,-0.05090271652268703
255,1.0,0.0,-0.1522740277874877,-0.2826578231664261,-0.23772010668532018,-0.06032236684187633,-0.2571707789771748,0.5893169279911186,-0.7488687639718599,-0.17613572415452097,1.340908014261569,1.2209341876182902,-0.7533477848622965,0.798998273762201,-0.04155947232136296,-1.094114762259864,-0.6898321339230363,-0.05090271652268703
256,1.0,0.0,-0.1522740277874877,1.5667882451720598,-0.27988448174224895,-0.06032236684187633,-1.178312785391402,1.1787380009314956,0.7191188574687919,-0.22694660457042548,-0.8153836541637203,-0.725328468090582,-0.8031281102336607,-0.19626919459163975,-0.04155947232136296,3.0792528807916546,-0.1340949456934722,-0.05090271652268703
257,1.0,0.0,-0.1522740277874877,1.2615586986453113,0.7144183912738878,-0.06032236684187633,-1.1232656402647025,0.6232117549268924,1.2285858454101584,-0.2954069358374013,-0.2747241516591525,-0.6967161932796448,-0.8143644066904964,-0.2965805653112406,-0.04155947232136296,0.6042134406041116,-0.2096066172499429,-0.05090271652268703
258,0.0,0.0,-0.1522740277874877,-0.3162362762000624,1.6609335919279655,-0.06032236684187633,-0.8277105826262865,-0.07813596245286795,1.8908484400534857,-0.2963633070206598,-0.2847957330461034,-0.6200726935565912,-0.8039726399788956,0.1352282580444457,-0.04155947232136296,-0.13556707841811128,-0.30094033926474845,-0.05090271652268703
259,1.0,0.0,-0.1522740277874877,1.7967678551688928,-0.3358051151451069,-0.06032236684187633,-0.27439255569134613,1.5801107043940812,0.3190106781965082,-0.11218250163575527,-0.7972914599397852,-0.8115084527028893,-0.7027720855544574,-0.299802719050718,-0.04155947232136296,-0.3275407345444462,-0.029002230691175055,-0.05090271652268703
260,0.0,0.0,-0.1522740277874877,-1.1012372623423106,-0.3358051151451069,-0.06032236684187633,-0.27439255569134613,-0.8046804330391343,1.8530839512314714,0.987564854579816,0.21260701250533398,-0.7023058201073901,0.040593724490536214,-0.299802719050718,-0.04155947232136296,-0.3275407345444462,0.12546617007513866,-0.05090271652268703
261,0.0,0.0,-0.1522740277874877,0.0971620955186476,-0.3358051151451069,-0.06032236684187633,-0.27439255569134613,-0.23488533402560424,-0.6372198718255315,0.581509406209037,0.4565284289334545,1.993010002302682,-0.7471517289394293,-0.299802719050718,-0.04155947232136296,-0.3275407345444462,-1.0818132224240045,-0.05090271652268703
262,0.0,0.0,-0.1522740277874877,-0.3162362762000624,0.1490797914098911,-0.06032236684187633,1.8251486331267686,1.738436691471181,-0.8266505047221789,-0.2963633070206598,-0.2847957330461034,0.06441365634368096,-0.6027982683809466,-0.01095548605476224,-0.04155947232136296,-0.9210422914211973,-0.30094033926474845,-0.05090271652268703
263,0.0,0.0,-0.1522740277874877,-1.1562380844198203,-0.3358051151451069,-0.06032236684187633,-0.27439255569134613,-0.7741822901557632,1.6092624666546678,1.2633472852071743,0.3440372244055866,-0.7850243418945958,0.3038067214642948,-0.299802719050718,-0.04155947232136296,-0.3275407345444462,-0.35625671905603895,-0.05090271652268703
264,0.0,0.0,-0.1522740277874877,-0.3162362762000624,0.9374856614821302,-0.06032236684187633,-0.2926818605535546,-0.8575338919152663,-0.6451977683436648,-0.2963633070206598,-0.2847957330461034,1.2077732491784654,0.5925728688245213,-1.0455069697737656,-0.04155947232136296,0.8342856547156324,-0.30094033926474845,-0.05090271652268703
265,0.0,0.0,-0.1522740277874877,-0.3162362762000624,-0.37370628681316986,-0.06032236684187633,1.6525152193717543,1.593848882016725,-0.8508700377471061,-0.2963633070206598,-0.2847957330461034,0.21626003854901654,-0.584536015896525,0.43737648420002617,-0.04155947232136296,-1.0481993390182778,-0.30094033926474845,-0.05090271652268703
266,0.0,0.0,-0.1522740277874877,-0.3162362762000624,-1.00241064740216,-0.06032236684187633,0.10042537345305609,-0.6369603051707577,0.18305383085403484,-0.2963633070206598,-0.2847957330461034,-0.8565558613758709,1.6651767730982818,1.488551876831244,-0.04155947232136296,-0.09795686181705593,-0.30094033926474845,-0.05090271652268703
267,1.0,0.0,-0.1522740277874877,-0.19352379850663812,-0.3358051151451069,-0.06032236684187633,-0.27439255569134613,-0.04890239826365035,-0.6387433553183576,-0.1323219556039599,0.9521571622027157,1.8363037318368551,-0.7842776550137754,-0.299802719050718,-0.04155947232136296,-0.3275407345444462,-0.9103315526735026,-0.05090271652268703
268,1.0,0.0,-0.1522740277874877,-0.3162362762000624,-0.968385966953296,-0.06032236684187633,0.15316462292198044,-0.6169037799863349,0.11501140475531625,-0.2963633070206598,-0.2847957330461034,-0.8591946784169614,1.741947206912758,1.532070546197899,-0.04155947232136296,-0.3245271613557295,-0.30094033926474845,-0.05090271652268703
269,0.0,0.0,-0.1522740277874877,-1.1693373295888996,-0.3358051151451069,-0.06032236684187633,-0.27439255569134613,-0.758318167014526,2.0089670435580214,0.6077843535399149,5.013812349033963,-0.8265979395981313,-0.09426228846729315,-0.299802719050718,-0.04155947232136296,-0.3275407345444462,-0.08464294109013742,-0.05090271652268703
270,1.0,0.0,-0.1522740277874877,-0.3162362762000624,-1.0299036128368804,-0.06032236684187633,0.5895248930578685,-0.6329509128767559,0.34982759608395936,-0.2963633070206598,-0.2847957330461034,-0.8623114629575221,1.5194893693209894,1.26455123287229,-0.04155947232136296,-0.3124029988777944,-0.30094033926474845,-0.05090271652268703
271,0.0,0.0,-0.1522740277874877,-0.21290761159682095,2.4485542758860332,-0.06032236684187633,-0.19095069749367635,-0.8526873774372258,-0.6605927229837065,-0.5728710607549368,-0.21194519448037435,0.9351269761629512,0.8976267645609728,-0.9201009340877447,-0.04155947232136296,0.0958339937373954,1.1695932844459191,-0.05090271652268703
272,0.0,0.0,-0.1522740277874877,-0.3162362762000624,-1.038643949539447,-0.06032236684187633,0.6708669427139203,-0.6240693541109837,0.3502726601543187,-0.2963633070206598,-0.2847957330461034,-0.8692988853730872,1.5188354002315936,1.26284259124419,-0.04155947232136296,-0.3874055612988112,-0.30094033926474845,-0.05090271652268703
273,1.0,0.0,-0.1522740277874877,1.2845907376257308,0.4294777153134479,-0.06032236684187633,-1.0324046965678244,0.7757136698617711,1.129894963362602,-0.270961085298738,-0.7520412399770057,-0.5003366405829609,-0.949966730726658,-0.2045612009816755,-0.04155947232136296,6.234000471901392,-0.2116201634777782,-0.05090271652268703
274,1.0,0.0,-0.1522740277874877,-0.6710633253885622,-0.3358051151451069,-0.06032236684187633,-0.27439255569134613,-0.5375412565679539,-0.5265170137348293,0.34038572671369344,-0.0756448569879281,-0.6741280013934784,-0.5802510094961848,-0.299802719050718,-0.04155947232136296,-0.3275407345444462,-0.031278687675804794,-0.05090271652268703
275,1.0,0.0,-0.1522740277874877,-0.3162362762000624,-0.08750573213385478,-0.06032236684187633,-0.8180084594924999,-0.5729329908460717,-0.5900036177919641,-0.2963633070206598,-0.2847957330461034,-0.43559436281378555,-0.6510102546563262,0.07776352358346862,-0.04155947232136296,1.6698427772125184,-0.30094033926474845,-0.05090271652268703
276,1.0,0.0,-0.1522740277874877,1.0217765841194977,-0.3358051151451069,-0.06032236684187633,-0.27439255569134613,-0.6547564671169275,-0.5559859867255985,-0.6440050497315833,0.14832112920620752,-0.617061492021514,-0.519226727263427,-0.299802719050718,-0.04155947232136296,-0.3275407345444462,-0.1313810329872932,-0.05090271652268703
277,1.0,0.0,-0.1522740277874877,-0.3162362762000624,1.5829053485773097,-0.06032236684187633,-0.8304154573230554,-0.14046888614098824,1.9529166197617431,-0.2963633070206598,-0.2847957330461034,-0.6041637251610263,-0.795982149410505,-0.07435466665026084,-0.04155947232136296,-0.10030209883497165,-0.30094033926474845,-0.05090271652268703
278,0.0,0.0,-0.1522740277874877,3.962051959969195,-0.3358051151451069,-0.06032236684187633,-0.27439255569134613,-0.7141541038488046,-0.7485448567467801,-0.8508150417857421,-0.16238695812577883,-0.25253577127543925,2.095713272299894,-0.299802719050718,-0.04155947232136296,-0.3275407345444462,0.479119339062221,-0.05090271652268703
279,1.0,0.0,-0.1522740277874877,-0.2942554417135299,-0.3358051151451069,-0.06032236684187633,-0.27439255569134613,2.258287135100241,-0.566476654574096,-0.23954045352036363,-0.7872924061113087,-0.6336399470861914,-0.5736152245317168,-0.299802719050718,-0.04155947232136296,-0.3275407345444462,0.1523079041886886,-0.05090271652268703
322,1.0,0.0,-0.1522740277874877,-0.3162362762000624,-0.22335565349249983,-0.06032236684187633,-0.19959969663222285,-0.7783582805447679,-0.5790396460537715,-0.2963633070206598,-0.2847957330461034,1.9748561161394882,-0.25348123486543933,-0.6240406243974209,-0.04155947232136296,1.3635646494012268,-0.30094033926474845,-0.05090271652268703
323,1.0,0.0,-0.1522740277874877,-0.3162362762000624,-0.3794833855800312,-0.06032236684187633,-0.17442280183663486,-0.5971750306606309,-0.5257277192426397,-0.2963633070206598,-0.2847957330461034,-0.6687034405917441,2.237553157112377,1.104729791470047,-0.04155947232136296,-0.27133360259382955,-0.30094033926474845,-0.05090271652268703
324,0.0,0.0,-0.1522740277874877,1.7616669708597188,-0.3358051151451069,-0.06032236684187633,-0.27439255569134613,1.655737851722962,0.24113267780010547,0.07633699016071299,-0.8123035062507586,-0.8184955440651994,-0.6862844494914146,-0.299802719050718,-0.04155947232136296,-0.3275407345444462,-0.07166809326632097,-0.05090271652268703
325,1.0,0.0,-0.1522740277874877,-0.3162362762000624,-0.8035260031990875,-0.06032236684187633,-0.08547668325951095,-0.6112379296502628,-0.10407067693730415,-0.2963633070206598,-0.2847957330461034,-0.8275020229711254,1.935132253461982,1.5019320134358922,-0.04155947232136296,-0.3169828113440406,-0.30094033926474845,-0.05090271652268703
326,1.0,0.0,-0.1522740277874877,0.10422367162467881,-0.3358051151451069,-0.06032236684187633,-0.27439255569134613,-0.7999065692337302,-0.7351497630954006,-0.8790350792045026,-0.26104488400496484,0.43451869484558375,1.4298248578636117,-0.299802719050718,-0.04155947232136296,-0.3275407345444462,1.5658126523641596,-0.05090271652268703
327,1.0,0.0,-0.1522740277874877,0.06396931376453306,-0.3358051151451069,-0.06032236684187633,-0.27439255569134613,2.194053325126162,-0.37467854540652507,-0.22411099410476276,-1.0241775603169079,-0.7428281247985049,-0.6031334964890783,-0.299802719050718,-0.04155947232136296,-0.3275407345444462,0.9756243045955076,-0.05090271652268703
328,0.0,0.0,-0.3581985108763855,-0.21434642735677,-0.3034227844839657,20.40423560016979,1.2968840009958826,2.2574652172631815,-0.5862744032040832,-0.23307266757884254,-0.9750350586870997,-0.615503321024681,-0.5756637136575082,-0.29980271905071787,0.47909058395539517,-0.31227402864139464,1.160621090463206,-0.05090271652268674
329,1.0,0.0,-0.1522740277874877,-0.3162362762000624,-0.130253549504756,-0.06032236684187633,1.355204998599817,1.4350203929765581,-0.831325710290233,-0.2963633070206598,-0.2847957330461034,0.367646764492052,-0.6438679688404252,0.20931643889318124,-0.04155947232136296,-1.0380204863694766,-0.30094033926474845,-0.05090271652268703
330,0.0,0.0,-0.1522740277874877,0.15432552342177064,-0.22150721732132206,-0.06032236684187633,-0.24602364174966476,0.6258866605351007,-0.7649639396886978,-0.20522933819188513,1.3126998378960455,1.180189856187299,-0.74459009350334,0.9525671806638484,-0.04155947232136296,-1.1156224997424837,-0.6805268067271544,-0.05090271652268703
331,0.0,0.0,-0.1522740277874877,-1.1958186227991119,-0.3358051151451069,-0.06032236684187633,-0.27439255569134613,-0.7665737287794412,2.0992335932605326,0.3045126457160644,0.7191982044451124,-0.6607648405284848,-0.2443790036439152,-0.299802719050718,-0.04155947232136296,-0.3275407345444462,0.058084671986482206,-0.05090271652268703
332,0.0,0.0,-0.1522740277874877,-0.3162362762000624,0.15086260300725102,-0.06032236684187633,1.8386775313111978,1.773707887331903,-0.8238989001299694,-0.2963633070206598,-0.2847957330461034,0.028433043873796,-0.5989864455969098,-0.03770362718274858,-0.04155947232136296,-0.9004955792722685,-0.30094033926474845,-0.05090271652268703
333,0.0,0.0,-0.1522740277874877,0.07620807155727406,-0.3358051151451069,-0.06032236684187633,-0.27439255569134613,2.194332391690697,-0.3702448625373608,-0.20708229078788148,-1.0274748505111762,-0.7407493582345267,-0.6251580491973463,-0.299802719050718,-0.04155947232136296,-0.3275407345444462,2.668149496197338,-0.05090271652268703
334,0.0,0.0,-0.1522740277874877,0.6395161993724495,-0.3358051151451069,-0.06032236684187633,-0.27439255569134613,-0.7042252542191021,-0.7825569515787274,-0.9031175083957769,-0.32461836596129984,-0.005057851418861066,1.8660971154867967,-0.299802719050718,-0.04155947232136296,-0.3275407345444462,1.2756749918115566,-0.05090271652268703
335,0.0,0.0,-0.15227402778748886,2.4517712840427013,-0.31961394981453395,0.3122256088757772,-0.22362050319345517,-0.6000988261032276,-0.5862744032040829,-0.9292697014388158,-0.27099094653328243,-0.6155033210246811,2.2520484527266693,1.0798059010020353,10.290041163356872,-0.2970073227383463,-0.28571574103841496,-0.8107972771688918
336,0.0,0.0,-0.1522740277874877,0.06422661950133338,-0.3358051151451069,-0.06032236684187633,-0.27439255569134613,-0.7147183866402986,-0.7896141791603327,-0.8194052374429333,-0.0775659496605067,0.16145226572308521,1.694346930481495,-0.299802719050718,-0.04155947232136296,-0.3275407345444462,1.52671519863829,-0.05090271652268703
337,1.0,0.0,-0.1522740277874877,-0.3162362762000624,-0.16578250711475082,-0.06032236684187633,1.4997682784612658,2.1215747036511345,-0.7450097791283472,-0.2963633070206598,-0.2847957330461034,-0.35543180368275107,-0.583455709833848,-0.19704537500463495,-0.04155947232136296,-0.483104116179071,-0.30094033926474845,-0.05090271652268703
338,1.0,0.0,-0.1522740277874877,-0.3162362762000624,1.3277290889078606,-0.06032236684187633,-0.5964969443630941,-0.3595196877322043,2.1248418812078,-0.2963633070206598,-0.2847957330461034,-0.6042919602216705,-0.7312734436975002,-0.1929414149023838,-0.04155947232136296,-0.247861558011206,-0.30094033926474845,-0.05090271652268703
339,0.0,0.0,-0.1522740277874877,1.0033510162760293,-0.3358051151451069,-0.06032236684187633,-0.27439255569134613,1.999741431814981,-0.07238705305494356,-0.1182979476629529,-1.0020642477729997,-0.7679813435830876,-0.8022793280285714,-0.299802719050718,-0.04155947232136296,-0.3275407345444462,5.159600015239937,-0.05090271652268703
340,1.0,0.0,-0.1522740277874877,-1.0344610828583618,-0.3358051151451069,-0.06032236684187633,-0.27439255569134613,-0.7850834009454429,2.0308296776153743,0.5105283274443251,0.8610423794005417,-0.6804022770808691,-0.1498344675236909,-0.299802719050718,-0.04155947232136296,-0.3275407345444462,-0.226139837129227,-0.05090271652268703
341,0.0,0.0,-0.1522740277874877,1.504482182746885,-0.2503857804878547,-0.06032236684187633,-0.9447634516402471,1.141678218858349,0.7582902246011242,-0.22717262693826215,-0.770836030729231,-0.7280439105552313,-0.8022177903504163,-0.19640970193434507,-0.04155947232136296,2.8143210549332585,-0.157043665263783,-0.05090271652268703
342,0.0,0.0,-0.1522740277874877,-0.3162362762000624,-0.3487304662348069,-0.06032236684187633,0.925854545774005,1.279703275982161,-0.8390215201737364,-0.2963633070206598,-0.2847957330461034,0.5386539650262323,-0.6314383258107502,0.968702234559335,-0.04155947232136296,-0.979027913714267,-0.30094033926474845,-0.05090271652268703
343,1.0,0.0,-0.1522740277874877,8.43655571947526,-0.3358051151451069,-0.06032236684187633,-0.27439255569134613,-0.7116808218895302,-0.711108892349868,-0.8304039543221992,-0.16061341800145051,-0.39069932734013657,2.1906635255791453,-0.299802719050718,-0.04155947232136296,-0.3275407345444462,0.07658651191430896,-0.05090271652268703
344,1.0,0.0,-0.1522740277874877,-0.3162362762000624,-0.6444962069941688,-0.06032236684187633,-0.16463153708160577,-0.5609827711850652,-0.584625874928908,-0.2963633070206598,-0.2847957330461034,-0.6240741341394813,-0.5618884891986853,0.8531971197317815,-0.04155947232136296,-0.1657076407552453,-0.30094033926474845,-0.05090271652268703
345,1.0,0.0,-0.1522740277874877,1.162796876812308,-0.3358051151451069,-0.06032236684187633,-0.27439255569134613,-0.7269800727166446,-0.5097780118498885,-0.7247831135784586,0.0665301016989094,-0.6031033355958341,-0.5125718956442841,-0.299802719050718,-0.04155947232136296,-0.3275407345444462,0.07119886325811417,-0.05090271652268703
346,1.0,0.0,-0.1522740277874877,-0.588719579794319,-0.9514807778781562,-0.06032236684187633,2.138778693196107,-0.5121964612005929,-0.5444371470025722,0.8085347209104402,-0.27020247816532283,-0.6691826604898569,-0.5889706823151026,-0.24432122001814102,-0.04155947232136296,-0.03294396687208556,-0.17029569595230398,-0.05090271652268703
347,1.0,0.0,-0.1522740277874877,-0.3162362762000624,1.6769865163431963,-0.06032236684187633,-0.9448959165076252,0.07268192629721823,1.7621728711644213,-0.2963633070206598,-0.2847957330461034,-0.6194847088522183,-0.825268476246869,-0.10456444066107409,-0.04155947232136296,0.08636790513041638,-0.30094033926474845,-0.05090271652268703
348,0.0,0.0,-0.1522740277874877,-0.3162362762000624,-0.9174438257046977,-0.06032236684187633,-0.14828560636528065,-0.5572671425542928,-0.4505038770597638,-0.2963633070206598,-0.2847957330461034,-0.7255723246975376,2.205923176884544,1.1332580315217815,-0.04155947232136296,-0.18204807425765246,-0.30094033926474845,-0.05090271652268703
349,1.0,0.0,-0.1522740277874877,-0.3382187499939,-1.0048958806662653,-0.06032236684187633,0.10503096798088842,-0.7340123779252473,0.750361280780181,0.896943594395935,-0.20125390952523567,-0.820556996588335,1.1203998479117732,0.3731208900803487,-0.04155947232136296,-0.2916112634569431,-0.23887254867752092,-0.05090271652268703
392,1.0,0.0,-0.1522740277874877,-0.3162362762000624,-0.264953050621757,-0.06032236684187633,1.4225451422084663,2.18079645565724,-0.7086860689387933,-0.2963633070206598,-0.2847957330461034,-0.43897056731799367,-0.5650654155633049,-0.22537297157940656,-0.04155947232136296,-0.5249942085455935,-0.30094033926474845,-0.05090271652268703
393,1.0,0.0,-0.1522740277874877,-0.3162362762000624,-1.1076002641022216,-0.06032236684187633,0.2680207581175015,-0.6858403786831112,0.49740714363213034,-0.2963633070206598,-0.2847957330461034,-0.8461891418985918,1.3615533220698335,0.961529565980346,-0.04155947232136296,-0.35963636173503466,-0.30094033926474845,-0.05090271652268703
394,0.0,0.0,-0.1522740277874877,0.17603157907176611,-0.3358051151451069,-0.06032236684187633,-0.27439255569134613,0.16362899418534702,-0.6855106313952662,-0.07608109926093883,1.3394445305378282,1.63894910828716,-0.784639884182195,-0.299802719050718,-0.04155947232136296,-0.3275407345444462,-0.9225807121683567,-0.05090271652268703
395,1.0,0.0,-0.1522740277874877,-0.3162362762000624,-0.27377027923409564,-0.06032236684187633,1.3957806354049052,2.1960135848850957,-0.7010402949924759,-0.2963633070206598,-0.2847957330461034,-0.4639940509421287,-0.5704232734338864,-0.2119251836150588,-0.04155947232136296,-0.4727477785636022,-0.30094033926474845,-0.05090271652268703
396,1.0,0.0,-0.1522740277874877,-0.3162362762000624,-0.22113634850909364,-0.06032236684187633,-0.17013395631281816,-0.7450054613446565,-0.5532108229838417,-0.2963633070206598,-0.2847957330461034,2.057915789237892,-0.364017290153976,-0.7506503448443393,-0.04155947232136296,1.2294931624164958,-0.30094033926474845,-0.05090271652268703
397,1.0,0.0,-0.1522740277874877,-0.3162362762000624,1.562578061058252,-0.06032236684187633,-1.0086145411708163,0.21856819420125406,1.6157244171387346,-0.2963633070206598,-0.2847957330461034,-0.6472977655458053,-0.8241636725922454,-0.3596897472050877,-0.04155947232136296,0.13871776449904197,-0.30094033926474845,-0.05090271652268703
398,0.0,0.0,-0.1522740277874877,-0.23281357940066963,1.1383173226290977,-0.06032236684187633,-0.06501305010740123,-0.8000689623851719,-0.7365192620636756,-0.5588854939718243,0.047641322538724364,0.6890869269434735,1.1346601864296006,-1.1003382061306888,-0.04155947232136296,-0.15899250506351548,1.3556756880071656,-0.05090271652268703
399,1.0,0.0,-0.1522740277874877,-0.3162362762000624,0.02821078661925918,-0.06032236684187633,-0.04448793203423344,-0.848214853928602,-0.6258547704843681,-0.2963633070206598,-0.2847957330461034,1.5760495795599476,0.19516637147262797,-0.9068982964912725,-0.04155947232136296,1.5076845050532268,-0.30094033926474845,-0.05090271652268703
400,0.0,0.0,-0.1522740277874877,-0.3162362762000624,-0.20750660141488544,-0.06032236684187633,1.3252710178493996,2.242696470262628,-0.6411290465212699,-0.2963633070206598,-0.2847957330461034,-0.556226350735418,-0.5709323848140675,-0.285893503735137,-0.04155947232136296,-0.38890206751133444,-0.30094033926474845,-0.05090271652268703
401,0.0,0.0,-0.1522740277874877,0.18667546645309438,-0.3358051151451069,-0.06032236684187633,-0.27439255569134613,0.2084863096240939,-0.7072251502582286,0.060380319294310106,1.380424309313551,1.6034222774759572,-0.77555070501925,-0.299802719050718,-0.04155947232136296,-0.3275407345444462,-0.9500270586592239,-0.05090271652268703
402,0.0,0.0,-0.1522740277874877,-0.044978955776837255,-0.3358051151451069,-0.06032236684187633,-0.27439255569134613,2.2208340218474714,-0.4224296030287784,-0.08261722358769985,-1.0312036354773302,-0.7207200315897772,-0.5939938704190636,-0.299802719050718,-0.04155947232136296,-0.3275407345444462,0.8038815362503294,-0.05090271652268703
403,0.0,0.0,-0.1522740277874877,-0.3162362762000624,-0.10347895682127084,-0.06032236684187633,-0.2502264535590929,-0.8233268107023434,-0.5413118171043838,-0.2963633070206598,-0.2847957330461034,1.8979878569658422,-0.15597947402781837,-0.9339518652674423,-0.04155947232136296,1.4650659043192453,-0.30094033926474845,-0.05090271652268703
404,0.0,0.0,-0.1522740277874877,-0.3162362762000624,-0.3487774117533592,-0.06032236684187633,1.8491818881035404,1.7787273736625477,-0.8360209748503707,-0.2963633070206598,-0.2847957330461034,0.02932553343327728,-0.5757412642475828,0.09258954552734204,-0.04155947232136296,-0.965706418590666,-0.30094033926474845,-0.05090271652268703
405,0.0,0.0,-0.1522740277874877,-0.3162362762000624,1.6360290020577755,-0.06032236684187633,-1.040065308245584,0.1435484555408354,1.6905317401015956,-0.2963633070206598,-0.2847957330461034,-0.6129267334465356,-0.8355699655673514,-0.3177958288087026,-0.04155947232136296,0.2373915718952089,-0.30094033926474845,-0.05090271652268703
406,0.0,0.0,-0.1522740277874877,1.1124040382495817,-0.3358051151451069,-0.06032236684187633,-0.27439255569134613,1.9632561194509777,-0.07275242224127887,-0.11192806056053688,-0.9501704163779398,-0.8075044462523708,-0.6456003958582476,-0.299802719050718,-0.04155947232136296,-0.3275407345444462,0.315180660906919,-0.05090271652268703
407,1.0,0.0,-0.1522740277874877,1.4001673250153308,-0.09465852163642026,-0.06032236684187633,-0.9664488948314441,1.0061687446690544,0.8628878364755077,-0.17672634907837687,-0.3850506283837616,-0.7796401910670041,-0.7564701473071996,-0.1691942019588964,-0.04155947232136296,-0.06794448927928678,-0.1991220095068692,-0.05090271652268703
408,1.0,0.0,-0.1522740277874877,-0.3162362762000624,-0.2643592163297909,-0.06032236684187633,-0.15973965070059007,-0.7325965040265238,-0.575049664003111,-0.2963633070206598,-0.2847957330461034,2.0756168964849415,-0.3924798674127997,-0.5278372792786297,-0.04155947232136296,1.1859835576734254,-0.30094033926474845,-0.05090271652268703
409,0.0,0.0,-0.1522740277874877,-0.3162362762000624,-1.6545614353253988,-0.06032236684187633,1.5704271114829123,-0.3739980404955643,0.09600866052503154,-0.2963633070206598,-0.2847957330461034,-0.9437586232614876,1.783040445339595,1.528587674404765,-0.04155947232136296,-0.09573095639120742,-0.30094033926474845,-0.05090271652268703
410,1.0,0.0,-0.1522740277874877,-0.3162362762000624,0.09529698275609233,-0.06032236684187633,-0.23781893891441536,-0.8443618213349032,-0.5902722778248094,-0.2963633070206598,-0.2847957330461034,1.682782504280494,0.09421495105130695,-0.897893497158816,-0.04155947232136296,1.5532378894021353,-0.30094033926474845,-0.05090271652268703
411,0.0,0.0,-0.1522740277874877,1.7211134096303073,-0.3358051151451069,-0.06032236684187633,-0.27439255569134613,1.3898462238035294,0.5238106081022167,-0.2720881911330757,-0.880666141300357,-0.7642583141088872,-0.7730578821125239,-0.299802719050718,-0.04155947232136296,-0.3275407345444462,0.015137180373982394,-0.05090271652268703
412,0.0,0.0,-0.1522740277874877,-0.3162362762000624,1.6472265700042699,-0.06032236684187633,-0.931352363741128,-0.03215057345850106,1.8591811179880757,-0.2963633070206598,-0.2847957330461034,-0.6031088524595721,-0.8125213949392468,-0.30014293457847385,-0.04155947232136296,-0.012284611334301166,-0.30094033926474845,-0.05090271652268703
413,1.0,0.0,-0.1522740277874877,-1.0618481146519485,-0.3358051151451069,-0.06032236684187633,-0.27439255569134613,-0.7481751938865333,2.1236021458850574,0.21696194150658885,5.987806544219499,-0.7573184151805306,-0.25696310579194476,-0.299802719050718,-0.04155947232136296,-0.3275407345444462,-0.19118996840375188,-0.05090271652268703
414,1.0,0.0,-0.1522740277874877,-0.2920513557593446,-0.3358051151451069,-0.06032236684187633,-0.27439255569134613,-0.5574161656356044,-0.583857304197648,-0.1701381816433698,-0.8334710851247831,-0.608591273011456,-0.5963591456951732,-0.299802719050718,-0.04155947232136296,-0.3275407345444462,2.2372737799537967,-0.05090271652268703
415,1.0,0.0,-0.1522740277874877,-0.3162362762000624,-1.048301000394458,-0.06032236684187633,0.005845973891217506,-0.4803270708312668,-0.5795201608904755,-0.2963633070206598,-0.2847957330461034,-0.643769224400376,-0.572173578547943,0.6073780804471982,-0.04155947232136296,-0.0553992801009293,-0.30094033926474845,-0.05090271652268703
416,1.0,0.0,-0.1522740277874877,-0.3162362762000624,0.4565753445879988,-0.06032236684187633,0.29424071478103064,-0.635118294180677,-0.4976797989964161,-0.2963633070206598,-0.2847957330461034,-0.6257630037060992,-0.5572074515622263,-0.6440599615992375,-0.04155947232136296,-0.011863101020417766,-0.30094033926474845,-0.05090271652268703
417,1.0,0.0,-0.1522740277874877,-0.3162362762000624,-0.6471231503075022,-0.06032236684187633,-0.13914883622404395,-0.5827348202237349,-0.37637459473272133,-0.2963633070206598,-0.2847957330461034,-0.7570375997865637,2.159191613647646,1.19872809554624,-0.04155947232136296,-0.13821170607631794,-0.30094033926474845,-0.05090271652268703
418,0.0,0.0,-0.1522740277874877,0.10113454942858605,5.844811690030119,-0.06032236684187633,-0.27208753900695287,-0.8710266635280265,-0.6795962601436926,-1.0388307389481681,-0.06932815192653749,0.5526871277655121,1.3174733759014134,-0.8202929460526478,-0.04155947232136296,-0.31180927205448,1.468358434386442,-0.05090271652268703
419,1.0,0.0,-0.1522740277874877,-0.1903937846704142,-0.3358051151451069,-0.06032236684187633,-0.27439255569134613,2.241384172468068,-0.47830396088756016,-0.22657943526689298,-0.8384813514502086,-0.6968548625691611,-0.5792319650023606,-0.299802719050718,-0.04155947232136296,-0.3275407345444462,0.12513263746279857,-0.05090271652268703
462,1.0,0.0,-0.1522740277874877,-0.23752458053249653,-0.17635859272793866,-0.06032236684187633,0.029379902750561127,0.8744502958866549,-0.784110984090619,-0.229912398649465,1.1274514233309938,0.9343270834005346,-0.7114203988611851,0.9051788886708778,-0.04155947232136296,-1.152446946577183,-0.5278981210132043,-0.05090271652268703
463,1.0,0.0,-0.1522740277874877,-0.3162362762000624,1.1348243020132653,-0.06032236684187633,-1.0686344201374678,0.4559234527792983,1.3869893590060214,-0.2963633070206598,-0.2847957330461034,-0.6933424774562807,-0.8134246162885818,-0.3400703714483524,-0.04155947232136296,0.135015707139613,-0.30094033926474845,-0.05090271652268703
464,0.0,0.0,-0.1522740277874877,1.793413938724166,-0.3358051151451069,-0.06032236684187633,-0.27439255569134613,1.4602283682170496,0.4288838285348415,0.08003180482399665,-0.7017608293594639,-0.8086298223839048,-0.7146740043029465,-0.299802719050718,-0.04155947232136296,-0.3275407345444462,-0.15055835233786624,-0.05090271652268703
465,1.0,0.0,-0.1522740277874877,-0.3162362762000624,-0.3895542317989199,-0.06032236684187633,1.3470822984065356,1.4359280433193558,-0.8277278955376707,-0.2963633070206598,-0.2847957330461034,0.3678749007193924,-0.6439878843949673,0.20720079731881424,-0.04155947232136296,-1.0380552741014264,-0.30094033926474845,-0.05090271652268703
466,1.0,0.0,-0.1522740277874877,-0.21445492792268372,2.5073795309417806,-0.06032236684187633,-0.19702353401829326,-0.8607918375061812,-0.6438377188697096,-0.5489918057309179,-0.21582878559093516,0.9743231029429652,0.8499259884205059,-1.0888521898730372,-0.04155947232136296,0.1799040647127682,1.1656404863864276,-0.05090271652268703
467,1.0,0.0,-0.1522740277874877,0.9915364427171286,-0.3358051151451069,-0.06032236684187633,-0.27439255569134613,1.9929583182140473,-0.10337352954682612,-0.3124121878178515,-0.963219061500985,-0.8032556201293292,-0.6440523763842622,-0.299802719050718,-0.04155947232136296,-0.3275407345444462,0.5339783746527003,-0.05090271652268703
468,0.0,0.0,-0.1522740277874877,-0.3162362762000624,0.11144405080626063,-0.06032236684187633,1.3983751316511617,1.4363846521785653,-0.8392634424284617,-0.2963633070206598,-0.2847957330461034,0.36689022231471313,-0.6324434328098387,0.33346260339334566,-0.04155947232136296,-1.0472615248667232,-0.30094033926474845,-0.05090271652268703
469,1.0,0.0,-0.1522740277874877,-1.1900926691371239,-0.3358051151451069,-0.06032236684187633,-0.27439255569134613,-0.618551051702994,2.2374891578911287,-0.2782240666727075,0.729327849825074,-0.6172018118931248,-0.5556227211835143,-0.299802719050718,-0.04155947232136296,-0.3275407345444462,-0.20788062964942433,-0.05090271652268703
470,0.0,0.0,-0.1522740277874877,-0.2997105078990697,0.6354819521307894,-0.06032236684187633,0.12470331156778998,-0.8355472761550287,-0.691466653089057,-0.34991702558846044,-0.17165558213716597,1.040607248368846,0.7581370149154132,-1.0670438910976265,-0.04155947232136296,0.38880758383760383,1.1394599028629315,-0.05090271652268703
471,0.0,0.0,-0.1522740277874877,-0.7125380252250485,-1.2005273276100572,-0.06032236684187633,1.4091664386636644,-0.755543881797624,1.1636459939875783,1.1097605104381794,-0.2041830895251605,-0.803807130297142,0.72157005398552,-0.20775694262472205,-0.04155947232136296,-0.16488391289832358,0.09064796143179955,-0.05090271652268703
472,0.0,0.0,-0.1522740277874877,-0.3162362762000624,0.041939404687132635,-0.06032236684187633,0.22626737357997984,-0.8474891941558633,-0.6215295150070442,-0.2963633070206598,-0.2847957330461034,1.5771190408692957,0.19466310000874343,-0.9136980002034538,-0.04155947232136296,1.5156507787279263,-0.30094033926474845,-0.05090271652268703
473,0.0,0.0,-0.1522740277874877,-0.3162362762000624,-0.40069282003637513,-0.06032236684187633,1.5198540439487622,1.5183352543245057,-0.8632638289153418,-0.2963633070206598,-0.2847957330461034,0.29549301407377204,-0.5606439207632085,0.9314334620764236,-0.04155947232136296,-1.104097856560928,-0.30094033926474845,-0.05090271652268703
474,0.0,0.0,-0.1522740277874877,-0.14776485164205408,1.9118762118534924,-0.06032236684187633,-0.24623649198294167,-0.7952955419979946,-0.7385201967494129,-0.6880891295463973,-0.22222955438269879,0.5819407257122408,1.2599633208791496,-1.0668916694866948,-0.04155947232136296,-0.17035840730032534,1.4629560185396002,-0.05090271652268703
475,0.0,0.0,-0.1522740277874877,1.3034948383301193,0.2990226180489934,-0.06032236684187633,-1.1631686986786445,0.7935436594925479,1.0725585077746043,-0.23507545838554653,-0.4387868063097723,-0.6928722398930379,-0.8237045808756284,-0.27404004415313205,-0.04155947232136296,1.487021258703118,-0.24805459426615775,-0.05090271652268703
476,0.0,0.0,-0.1522740277874877,-1.2219438118412786,-0.3358051151451069,-0.06032236684187633,-0.27439255569134613,-0.6524246512356218,2.233029573570965,-0.24811787954295764,0.7573579382028823,-0.6217633734674517,-0.5129439555682977,-0.299802719050718,-0.04155947232136296,-0.3275407345444462,-0.16895850538267987,-0.05090271652268703
477,1.0,0.0,-0.1522740277874877,-0.3162362762000624,-0.5282555287350665,-0.06032236684187633,-0.15471130682678272,-0.6104183338943084,-0.2914457345449083,-0.2963633070206598,-0.2847957330461034,-0.7803297305356492,2.09534363755067,1.2909978517034466,-0.04155947232136296,-0.16160449657569717,-0.30094033926474845,-0.05090271652268703
478,1.0,0.0,-0.1522740277874877,-0.3162362762000624,-0.27574858303655897,-0.06032236684187633,-0.1840740766261044,-0.6893673057581169,-0.5773711985565061,-0.2963633070206598,-0.2847957330461034,2.1168833294703147,-0.468240430036999,-0.4429315858535353,-0.04155947232136296,1.130310170829558,-0.30094033926474845,-0.05090271652268703
479,0.0,0.0,-0.1522740277874877,-0.9343789931368542,-0.3358051151451069,-0.06032236684187633,-0.27439255569134613,-0.6187363411559319,2.2375035914725694,-0.2534670848593043,9.309405528488194,-0.6263336982629322,-0.5527039036796667,-0.299802719050718,-0.04155947232136296,-0.3275407345444462,-0.14970006429122018,-0.05090271652268703
480,1.0,0.0,-0.1522740277874877,-0.3162362762000624,0.8152664820643316,-0.06032236684187633,-0.9928603477515551,0.5921388575835282,1.2715677970553847,-0.2963633070206598,-0.2847957330461034,-0.678347146774646,-0.8218692652546022,-0.23939595588903506,-0.04155947232136296,0.8587904085548139,-0.30094033926474845,-0.05090271652268703
481,0.0,0.0,-0.1522740277874877,-0.21635574430091642,-0.22683293954609013,-0.06032236684187633,-0.09473625117909298,0.8411422191835743,-0.8209680742588561,-0.19926969926659976,1.1360165282101446,0.9884953808318064,-0.6773387050227468,2.618294048497041,-0.04155947232136296,-0.9484630819965288,-0.7792384454617061,-0.05090271652268703
482,0.0,0.0,-0.1522740277874877,-0.1952444476372898,1.8928848994575713,-0.06032236684187633,-0.16107583821538207,-0.8183533295447293,-0.7092931770579379,-0.6032160086632118,-0.2060161967123501,0.7726454060405247,1.0626027915548852,-0.9037797649123113,-0.04155947232136296,-0.16538156054598419,1.2664806334673295,-0.05090271652268703
483,1.0,0.0,-0.1522740277874877,-0.3162362762000624,1.5733843738419264,-0.06032236684187633,-1.692585260580098,-0.12929686894029888,1.955840850040347,-0.2963633070206598,-0.2847957330461034,-0.45005304642216054,-0.8470968582207286,-0.23372773118002632,-0.04155947232136296,0.2721752512505644,-0.30094033926474845,-0.05090271652268703
484,1.0,0.0,-0.1522740277874877,-0.3162362762000624,-0.012637825937551138,-0.06032236684187633,0.3547452785045803,-0.6008581145634566,-0.610877622773334,-0.2963633070206598,-0.2847957330461034,-0.6055757988786523,-0.49871799272171463,0.07566035779127889,-0.04155947232136296,-0.6475364891959567,-0.30094033926474845,-0.05090271652268703
485,1.0,0.0,-0.1522740277874877,-0.3162362762000624,0.028418365049125916,-0.06032236684187633,0.46094393051000787,-0.600680555752814,-0.6302089329395818,-0.2963633070206598,-0.2847957330461034,-0.603604087419471,-0.426243720306246,0.26798070611233604,-0.04155947232136296,-0.9352799272633898,-0.30094033926474845,-0.05090271652268703
486,1.0,0.0,-0.1522740277874877,-0.9836797882217767,-0.3358051151451069,-0.06032236684187633,-0.27439255569134613,-0.5879268662181385,-0.5460961029917958,-0.2548162392624603,1.847785973610163,-0.6422821321170924,-0.5737785688086464,-0.299802719050718,-0.04155947232136296,-0.3275407345444462,-0.05626368468485563,-0.05090271652268703
487,1.0,0.0,-0.1522740277874877,-0.3162362762000624,1.6769865163431963,-0.06032236684187633,-0.9448959165076252,0.07268192629721823,1.7621728711644213,-0.2963633070206598,-0.2847957330461034,-0.6194847088522183,-0.825268476246869,-0.10456444066107409,-0.04155947232136296,0.08636790513041638,-0.30094033926474845,-0.05090271652268703
488,0.0,0.0,-0.1522740277874877,-0.3162362762000624,-1.0792685242430664,-0.06032236684187633,3.269312807786121,-0.5558042830533177,0.6008059836421716,-0.2963633070206598,-0.2847957330461034,-0.9261706301241681,1.2923189132357134,0.7616467438016375,-0.04155947232136296,-0.18568743247072333,-0.30094033926474845,-0.05090271652268703
489,1.0,0.0,-0.1522740277874877,-0.3162362762000624,-0.01854634851749206,-0.06032236684187633,-0.2822068998210129,-0.8256124500245293,-0.6969746381918573,-0.2963633070206598,-0.2847957330461034,1.199892726917168,0.5976012619237103,-0.90842692028748,-0.04155947232136296,0.7584852430919896,-0.30094033926474845,-0.05090271652268703
532,1.0,0.0,-0.1522740277874877,-0.3162362762000624,-0.2585453973980502,-0.06032236684187633,-0.2224278463570292,-0.6818672014585208,-0.5767568814078898,-0.2963633070206598,-0.2847957330461034,2.1167379014573853,-0.4698674485343542,-0.41563219835636783,-0.04155947232136296,1.141242609031946,-0.30094033926474845,-0.05090271652268703
533,1.0,0.0,-0.1522740277874877,-1.1503651748252506,-0.3358051151451069,-0.06032236684187633,-0.27439255569134613,-0.7924280351128337,2.0021112170411306,0.6082845121052083,0.21031372867209422,-0.6672437036782772,-0.12593169210605898,-0.299802719050718,-0.04155947232136296,-0.3275407345444462,-0.3091907081373073,-0.05090271652268703
534,0.0,0.0,-0.1522740277874877,-0.3162362762000624,-0.17781961902000612,-0.06032236684187633,0.22854608258719022,-0.8294461503248421,-0.6113829014353978,-0.2963633070206598,-0.2847957330461034,1.7774420695507884,-0.025061532764563955,-0.745183263394916,-0.04155947232136296,1.5672666662667107,-0.30094033926474845,-0.05090271652268703
535,1.0,0.0,-0.1522740277874877,-0.3162362762000624,1.3792860356799455,-0.06032236684187633,-1.0346897379463602,0.3357294388435528,1.5022848372153725,-0.2963633070206598,-0.2847957330461034,-0.6725115231304692,-0.8192985288203529,-0.3597901380768217,-0.04155947232136296,0.12859861019520072,-0.30094033926474845,-0.05090271652268703
536,1.0,0.0,-0.1522740277874877,-1.1772425820846957,-0.3358051151451069,-0.06032236684187633,-0.27439255569134613,-0.7879892689211805,1.8233314213725698,1.031721215502546,0.8567580284372398,-0.7463769271264313,0.09145811754010716,-0.299802719050718,-0.04155947232136296,-0.3275407345444462,-0.34275147678944134,-0.05090271652268703
537,1.0,0.0,-0.1522740277874877,-0.3162362762000624,1.510339926681187,-0.06032236684187633,-1.0240315709594472,0.257579093357044,1.5785893395999495,-0.2963633070206598,-0.2847957330461034,-0.6516170532862272,-0.8248669727536928,-0.3609255890120124,-0.04155947232136296,0.1789955774865167,-0.30094033926474845,-0.05090271652268703
538,0.0,0.0,-0.1522740277874877,-0.3162362762000624,1.5357691524413182,-0.06032236684187633,-0.712531286507077,-0.21189488293988665,2.0069365651376274,-0.2963633070206598,-0.2847957330461034,-0.6115533733347611,-0.7778468199943616,0.10282281474449709,-0.04155947232136296,-0.21377794368426564,-0.30094033926474845,-0.05090271652268703
539,1.0,0.0,-0.1522740277874877,1.001611594559046,-0.3358051151451069,-0.06032236684187633,-0.27439255569134613,1.992487283742109,-0.10500615737009426,-0.13363878728133674,-0.9569850649787468,-0.8049468850510539,-0.6379281349171521,-0.299802719050718,-0.04155947232136296,-0.3275407345444462,0.3269627580153118,-0.05090271652268703
540,0.0,0.0,-0.1522740277874877,-1.2307916555859015,-0.3358051151451069,-0.06032236684187633,-0.27439255569134613,-0.7206638010551014,2.1882226716258906,-0.05361889440916067,0.7230694564878747,-0.6375969661389824,-0.3911024478945973,-0.299802719050718,-0.04155947232136296,-0.3275407345444462,-0.023298368830846447,-0.05090271652268703
541,0.0,0.0,-0.1522740277874877,-0.3162362762000624,-0.12387204013217204,-0.06032236684187633,0.22900246505127914,-0.8267189757103451,-0.588936181331704,-0.2963633070206598,-0.2847957330461034,1.8108442044815876,-0.05869438433053825,-0.7955975167917555,-0.04155947232136296,1.5509545682262709,-0.30094033926474845,-0.05090271652268703
542,0.0,0.0,-0.1522740277874877,-0.3162362762000624,1.6019922800537472,-0.06032236684187633,-0.7472077499657216,-0.1462513808228828,1.9505622779136687,-0.2963633070206598,-0.2847957330461034,-0.6202248527078097,-0.7855622524484378,0.1302498528137725,-0.04155947232136296,-0.19008527223821622,-0.30094033926474845,-0.05090271652268703
543,0.0,0.0,-0.1522740277874877,-0.2640909447098974,-0.23468462224177425,-0.06032236684187633,0.21187537067034534,0.9992903792223963,-0.8445680477171045,-0.2561600849635547,1.0610515893734984,0.817689761925093,-0.6378243357977991,2.476272866196764,-0.04155947232136296,-1.1439302561016098,-0.6436757688889397,-0.05090271652268703
544,0.0,0.0,-0.1522740277874877,-1.138716217453019,-0.3358051151451069,-0.06032236684187633,-0.27439255569134613,-0.7977049381298802,1.8833658959010375,0.9507237236064792,0.5530120265677593,-0.7106646688622262,0.01391273992226485,-0.299802719050718,-0.04155947232136296,-0.3275407345444462,-0.3416065352069074,-0.05090271652268703
545,0.0,0.0,-0.1522740277874877,2.197305063375274,-0.3358051151451069,-0.06032236684187633,-0.27439255569134613,-0.6242662092446299,-0.6807456204360556,-0.9824524939334106,-0.24044763733928806,-0.4823314786617985,2.2270796713456598,-0.299802719050718,-0.04155947232136296,-0.3275407345444462,-0.14378693674798979,-0.05090271652268703
546,0.0,0.0,-0.1522740277874877,-0.19115001138791832,-0.10346016927237185,-0.06032236684187633,0.30928523930613927,1.0307295444311442,-0.8070445767805926,-0.28308321340061365,1.0451586230856649,0.7704887568781376,-0.694984038589002,0.5918245067572279,-0.04155947232136296,-1.13136981858782,-0.4065768211797407,-0.05090271652268703
547,1.0,0.0,-0.1522740277874877,1.6638831615234542,-0.3358051151451069,-0.06032236684187633,-0.27439255569134613,1.7319862110540456,0.16834739758386566,-0.20519622349355918,-0.7847980942758033,-0.8288613086517516,-0.6585418877519248,-0.299802719050718,-0.04155947232136296,-0.3275407345444462,-0.12865612583544092,-0.05090271652268703
548,1.0,0.0,-0.1522740277874877,0.0013044650044335532,-0.3358051151451069,-0.06032236684187633,-0.27439255569134613,-0.753207194152762,-0.7767731898277715,-0.7562200158465381,-0.2560627538937309,0.35203082811080305,1.506753084967614,-0.299802719050718,-0.04155947232136296,-0.3275407345444462,1.585129511843027,-0.05090271652268703
549,0.0,0.0,-0.1522740277874877,-0.10188078699744488,-0.10958377775035592,-0.06032236684187633,0.0042429753711026195,0.899102839157929,-0.9762567574793911,-0.16376462094843794,1.1089594542142809,0.9625698650523953,-0.49116367399035277,8.836113802983967,-0.04155947232136296,-0.9595637749032717,-1.5230126740743042,-0.05090271652268703
550,1.0,0.0,-0.1522740277874877,-0.3162362762000624,-0.9599851627437799,-0.06032236684187633,0.08819243244103382,-0.5980592636601896,0.010023441217184731,-0.2963633070206598,-0.2847957330461034,-0.8446044986142596,1.8419684873885094,1.5311525565301558,-0.04155947232136296,-0.2775974310758487,-0.30094033926474845,-0.05090271652268703
551,0.0,0.0,-0.1522740277874877,-0.3162362762000624,0.7089820722279532,-0.06032236684187633,-0.33324002259744084,-0.8709152065223649,-0.5750025190271322,-0.2963633070206598,-0.2847957330461034,1.509621434353177,0.28632720386893484,-0.9868939124306157,-0.04155947232136296,1.3983601824695526,-0.30094033926474845,-0.05090271652268703
552,0.0,0.0,-0.1522740277874877,1.6983433611896472,-0.3358051151451069,-0.06032236684187633,-0.27439255569134613,1.6995399556725572,0.21411853918352025,-0.3429365669419279,-0.8761109913917409,-0.8063348427384425,-0.7065359439828244,-0.299802719050718,-0.04155947232136296,-0.3275407345444462,0.30318336436921495,-0.05090271652268703
553,1.0,0.0,-0.1522740277874877,2.388817096124863,-0.3358051151451069,-0.06032236684187633,-0.27439255569134613,-0.881011744506034,-0.716356777878703,-1.14395881404217,-0.27770218339502595,0.15877265476198127,1.7430379980793786,-0.299802719050718,-0.04155947232136296,-0.3275407345444462,1.4695251663219489,-0.05090271652268703
554,1.0,0.0,-0.1522740277874877,-0.058954123530050376,-0.3358051151451069,-0.06032236684187633,-0.27439255569134613,-0.6606857627898172,-0.5244744099570794,-0.560851647195928,-0.04028211925227212,-0.6199889052336994,-0.5158057022851291,-0.299802719050718,-0.04155947232136296,-0.3275407345444462,0.46491131708668676,-0.05090271652268703
555,1.0,0.0,-0.1522740277874877,-0.23190787839294122,3.576608323402427,-0.06032236684187633,0.08533721377432617,-0.6995226203943342,-0.403918926745315,-0.3821350909822507,-0.24508834329456275,-0.6177573935154823,-0.5353025673025523,-0.819531529220321,-0.04155947232136296,-0.25795541122732246,1.1198978076599484,-0.05090271652268703
556,1.0,0.0,-0.1522740277874877,-0.18974994541757784,-0.3358051151451069,-0.06032236684187633,-0.27439255569134613,-0.5992110351673554,-0.5936844005519214,1.9537730865558258,-0.2514176122135435,-0.586920867494439,-0.5688270687879664,-0.299802719050718,-0.04155947232136296,-0.3275407345444462,-0.8742304307205772,-0.05090271652268703
557,1.0,0.0,-0.1522740277874877,-0.3162362762000624,0.10316732981359683,-0.06032236684187633,-0.0520299773900497,-0.8523386414237598,-0.590339225383488,-0.2963633070206598,-0.2847957330461034,1.6847398333148367,0.09008875592866661,-0.8885165342092369,-0.04155947232136296,1.5703274704100751,-0.30094033926474845,-0.05090271652268703
558,0.0,0.0,-0.1522740277874877,-0.3162362762000624,-0.1452780960563948,-0.06032236684187633,-0.033965118127110276,-0.7870737598895827,-0.5163316979638315,-0.2963633070206598,-0.2847957330461034,2.019559787759364,-0.30255742498030896,-1.0675027872408733,-0.04155947232136296,1.2709022730790271,-0.30094033926474845,-0.05090271652268703
559,1.0,0.0,-0.1522740277874877,-0.22679310561606827,-0.2767169864721213,-0.06032236684187633,0.2901943447840541,1.0323977598110041,-0.7875701159117894,-0.21979455811871101,1.03501298283306,0.775400754253617,-0.7188080428829071,0.054751592456145734,-0.04155947232136296,-0.9588369571320698,-0.3502772718629867,-0.05090271652268703
602,1.0,0.0,-0.1522740277874877,-0.3162362762000624,1.1845473430485565,-0.06032236684187633,-0.31907220752467397,-0.5602742812504741,2.2291584275596827,-0.2963633070206598,-0.2847957330461034,-0.609415319429117,-0.6072764651459789,-0.28171279361195745,-0.04155947232136296,-0.2529759675914359,-0.30094033926474845,-0.05090271652268703
603,1.0,0.0,-0.1522740277874877,1.7904066779753678,-0.3358051151451069,-0.06032236684187633,-0.27439255569134613,1.4606827271837672,0.4343275323266698,-0.2993533775609362,-0.7163012248578159,-0.8067401883581473,-0.712619811579255,-0.299802719050718,-0.04155947232136296,-0.3275407345444462,-0.11547815421306017,-0.05090271652268703
604,0.0,0.0,-0.1522740277874877,0.009504301399039489,-0.3358051151451069,-0.06032236684187633,-0.27439255569134613,2.2083286510604454,-0.40320848492427236,-0.06575173291154036,-1.0276999085177712,-0.7325617726525617,-0.5929344882612824,-0.299802719050718,-0.04155947232136296,-0.3275407345444462,0.32979672079140293,-0.05090271652268703
605,1.0,0.0,-0.1522740277874877,-0.24159138261801863,-0.3358051151451069,-0.06032236684187633,-0.27439255569134613,-0.3306048715040752,-0.6167245014010363,0.4291896938640289,0.16800054983894894,2.0550257663595857,-0.7256138480394665,-0.299802719050718,-0.04155947232136296,-0.3275407345444462,-1.102636650651947,-0.05090271652268703
606,1.0,0.0,-0.1522740277874877,-0.3162362762000624,-0.37483947770861537,-0.06032236684187633,1.7487991702101646,1.6701755773058067,-0.8530072171078698,-0.2963633070206598,-0.2847957330461034,0.14592929239500987,-0.548210897576271,0.5321382572602301,-0.04155947232136296,-1.0898649680248442,-0.30094033926474845,-0.05090271652268703
607,1.0,0.0,-0.1522740277874877,-0.3162362762000624,-0.3925556710186425,-0.06032236684187633,1.78923781422078,1.702470184544341,-0.8316148015285318,-0.2963633070206598,-0.2847957330461034,0.10235502364291629,-0.5998933769095394,0.08124002815626034,-0.04155947232136296,-0.9584354100489061,-0.30094033926474845,-0.05090271652268703
608,0.0,0.0,-0.1522740277874877,-0.7295358377423102,-1.1886023372613763,-0.06032236684187633,1.318306125013944,-0.7623751290777186,1.2043927335457487,1.141044177879268,-0.19383666630960103,-0.7990478442638442,0.6790775435017739,-0.18635755617272182,-0.04155947232136296,-0.19210134682304836,0.09972750046914586,-0.05090271652268703
609,1.0,0.0,-0.1522740277874877,-0.3162362762000624,1.1758225622600083,-0.06032236684187633,-0.28284900441423305,-0.5806478488875996,2.233828200950941,-0.2963633070206598,-0.2847957330461034,-0.614034182990942,-0.5948001445119023,-0.25132265604636594,-0.04155947232136296,-0.24871636333671968,-0.30094033926474845,-0.05090271652268703
610,0.0,0.0,-0.1522740277874877,1.3902260505515525,-0.016109966016449453,-0.06032236684187633,-1.1852350014217026,0.9598032202984976,0.9033050823368448,-0.06430215477792377,-0.45694215157605406,-0.7458242649017683,-0.7890650758412731,-0.026280188488055207,-0.04155947232136296,0.7825078204004797,-0.26153118237228984,-0.05090271652268703
611,0.0,0.0,-0.1522740277874877,-0.3162362762000624,0.07433831853047453,-0.06032236684187633,0.23064634408037277,-0.8493611348420503,-0.608550041194067,-0.2963633070206598,-0.2847957330461034,1.6133034779293185,0.15744200293174315,-0.915625529667016,-0.04155947232136296,1.5479839023557846,-0.30094033926474845,-0.05090271652268703
612,0.0,0.0,-0.1522740277874877,0.18394231848730483,-0.3358051151451069,-0.06032236684187633,-0.27439255569134613,0.51148860350476,-0.7453463541165993,-0.16544271644794922,1.3952345520857365,1.2995679183004603,-0.7582882466817964,-0.299802719050718,-0.04155947232136296,-0.3275407345444462,-0.7562084383871339,-0.05090271652268703
613,0.0,0.0,-0.1522740277874877,-0.25368180694588527,-0.2047623896158473,-0.06032236684187633,-0.017838418786415667,0.8779381252588631,-0.8339772822595167,-0.24017852130491804,1.1268492246701385,0.9408228352078059,-0.6587660127494789,2.7833501435459755,-0.04155947232136296,-1.154576681205014,-0.763650798411168,-0.05090271652268703
614,0.0,0.0,-0.1522740277874877,-0.3162362762000624,-0.9754785252291208,-0.06032236684187633,0.08135915804593279,-0.5943696610686818,4.431473068574958e-05,-0.2963633070206598,-0.2847957330461034,-0.8527522311309242,1.8453855244273683,1.5620753313470372,-0.04155947232136296,-0.319277774963488,-0.30094033926474845,-0.05090271652268703
615,0.0,0.0,-0.1522740277874877,-0.3162362762000624,-0.8747768790580418,-0.06032236684187633,-0.09584027689595677,-0.576758359070297,-0.20087833285314982,-0.2963633070206598,-0.2847957330461034,-0.8191938009577266,2.0219433070532675,1.4125266857360457,-0.04155947232136296,-0.24095198447746094,-0.30094033926474845,-0.05090271652268703
616,0.0,0.0,-0.1522740277874877,-0.3162362762000624,-0.08430331293450434,-0.06032236684187633,1.5998057035269606,2.0752483246585776,-0.7687909944872351,-0.2963633070206598,-0.2847957330461034,-0.3004034997628161,-0.5734588825796931,-0.23287413678345706,-0.04155947232136296,-0.6379050761016994,-0.30094033926474845,-0.05090271652268703
617,1.0,0.0,-0.1522740277874877,-0.18295302996362867,-0.3358051151451069,-0.06032236684187633,-0.27439255569134613,-0.49131660445082503,-0.588771084491713,-0.07160918108733463,-0.1752390583913087,2.133922884128479,-0.6589097242594054,-0.299802719050718,-0.04155947232136296,-0.3275407345444462,-0.91149074815435,-0.05090271652268703
618,1.0,0.0,-0.1522740277874877,-0.3162362762000624,-0.2297551372457341,-0.06032236684187633,1.6167184518929854,2.052565003964925,-0.7814786453491436,-0.2963633070206598,-0.2847957330461034,-0.2659604353537041,-0.5669990143590904,-0.17990276565510857,-0.04155947232136296,-0.7257741541929483,-0.30094033926474845,-0.05090271652268703
619,0.0,0.0,-0.1522740277874877,2.09811936013534,-0.3358051151451069,-0.06032236684187633,-0.27439255569134613,-0.9196204054580006,-0.6879435569846484,-1.2595721138579143,-0.08299892908198732,0.233893341912505,1.6731368662044654,-0.299802719050718,-0.04155947232136296,-0.3275407345444462,1.537039001359905,-0.05090271652268703
620,1.0,0.0,-0.1522740277874877,-0.3162362762000624,-0.2396323531870899,-0.06032236684187633,-0.16004900330927302,-0.7130749992182238,-0.5725734001835108,-0.2963633070206598,-0.2847957330461034,2.0902295065837846,-0.41530491663787167,-0.5469841584884874,-0.04155947232136296,1.1634414615330266,-0.30094033926474845,-0.05090271652268703
621,0.0,0.0,-0.1522740277874877,-0.3162362762000624,1.5066432245395265,-0.06032236684187633,-0.9451733762974595,-0.2014275391896108,2.0076496626419567,-0.2963633070206598,-0.2847957330461034,-0.5794964249707393,-0.782104980797198,-0.23881165810116814,-0.04155947232136296,-0.11979058782712565,-0.30094033926474845,-0.05090271652268703
622,0.0,0.0,-0.1522740277874877,1.0572728865604983,-0.3358051151451069,-0.06032236684187633,-0.27439255569134613,-0.6801416144526584,-0.775925198709535,-0.8384938782946221,-0.30484167669793616,-0.13931486361535045,1.9926379393753317,-0.299802719050718,-0.04155947232136296,-0.3275407345444462,0.8637297081534538,-0.05090271652268703
623,1.0,0.0,-0.1522740277874877,-0.23318336550129726,-0.1839161698960084,-0.06032236684187633,0.08012713829822034,0.9370504713832322,-0.9543535279221903,-0.19392966737112702,1.0857064833768577,0.9192601233803354,-0.5091346799127819,7.5987521326527,-0.04155947232136296,-0.9655487232135983,-1.3361679819791061,-0.05090271652268703
624,1.0,0.0,-0.1522740277874877,-0.29019253666402717,-0.3358051151451069,-0.06032236684187633,-0.27439255569134613,-0.555622222564879,-0.5836549744548835,-0.16037931243720308,-0.8319394393393741,-0.6076428041812953,-0.599440916457892,-0.299802719050718,-0.04155947232136296,-0.3275407345444462,2.1653402587576513,-0.05090271652268703
625,1.0,0.0,-0.1522740277874877,0.5924425899871752,-0.3358051151451069,-0.06032236684187633,-0.27439255569134613,-0.5383928303016275,-0.5794674739194917,-0.04313409869950173,-0.87315294495084,-0.4959210522963846,-0.7027536837954353,-0.299802719050718,-0.04155947232136296,-0.3275407345444462,0.06425494652314412,-0.05090271652268703
626,1.0,0.0,-0.1522740277874877,-0.3162362762000624,-0.2745010293441585,-0.06032236684187633,0.0366198047959917,-0.6111899305797239,-0.539564398743192,-0.2963633070206598,-0.2847957330461034,-0.6104015767863921,-0.5712666655391155,-0.6155141845746928,-0.04155947232136296,0.7623790578264682,-0.30094033926474845,-0.05090271652268703
627,1.0,0.0,-0.1522740277874877,1.9259520165667183,-0.3358051151451069,-0.06032236684187633,-0.27439255569134613,-0.6000689885123749,-0.6047479542420487,-0.7571203236933847,-0.26951974853732996,-0.5955526716314202,2.252727621765511,-0.299802719050718,-0.04155947232136296,-0.3275407345444462,-0.18850343962887925,-0.05090271652268703
628,0.0,0.0,-0.1522740277874877,-0.3162362762000624,1.4400250568846067,-0.06032236684187633,-0.08635985893914468,-0.9127388272632498,-0.502804150021023,-0.2963633070206598,-0.2847957330461034,1.5117168307105453,0.2920049950729268,-1.1002243773364886,-0.04155947232136296,1.4018747664344506,-0.30094033926474845,-0.05090271652268703
629,1.0,0.0,-0.1522740277874877,-0.3162362762000624,1.6256202837841116,-0.06032236684187633,-0.8601696379304326,0.14579970688356678,1.6878541457497511,-0.2963633070206598,-0.2847957330461034,-0.6685553662401627,-0.8096406973301582,-0.3312741624868001,-0.04155947232136296,-0.1369652916687738,-0.30094033926474845,-0.05090271652268703
672,1.0,0.0,-0.1522740277874877,1.3036045046724727,0.34933659415056706,-0.06032236684187633,-1.156785386365363,0.7894518738870192,1.0710694751676892,-0.2639027882240866,-0.37198005038150705,-0.7207702116779356,-0.793846147483904,-0.19790729321825684,-0.04155947232136296,0.7065650623959442,-0.22813678492368242,-0.05090271652268703
673,1.0,0.0,-0.1522740277874877,-0.3162362762000624,-0.35861188765421825,-0.06032236684187633,1.0572508303599626,1.3175606133838127,-0.8196427862112956,-0.2963633070206598,-0.2847957330461034,0.4857974341081292,-0.6658145335023149,0.20288146443801153,-0.04155947232136296,-1.0659447278656957,-0.30094033926474845,-0.05090271652268703
674,0.0,0.0,-0.1522740277874877,-0.3162362762000624,0.09485181018775304,-0.06032236684187633,1.6403471497809359,2.0496509398647573,-0.7757853218782046,-0.2963633070206598,-0.2847957330461034,-0.2709023049573531,-0.5833540743026587,-0.22309373820948855,-0.04155947232136296,-0.6138152772029742,-0.30094033926474845,-0.05090271652268703
675,1.0,0.0,-0.1522740277874877,-0.3162362762000624,1.1235266411833595,-0.06032236684187633,-1.0743813122645771,0.4568813615878649,1.3860429098291378,-0.2963633070206598,-0.2847957330461034,-0.6873651486145388,-0.8161077641790996,-0.3412919822240103,-0.04155947232136296,0.22697623928847813,-0.30094033926474845,-0.05090271652268703
676,1.0,0.0,-0.1522740277874877,1.291681382749443,-0.3358051151451069,-0.06032236684187633,-0.27439255569134613,1.904340642105504,0.010234820427570275,-0.323863302774921,-0.9877359944670215,-0.7974084488848128,-0.6971638919820247,-0.299802719050718,-0.04155947232136296,-0.3275407345444462,1.1812459642513706,-0.05090271652268703
677,1.0,0.0,-0.1522740277874877,-0.3162362762000624,-0.9862205664501289,-0.06032236684187633,0.12153248406723562,-0.6206928215752555,0.10936177907076518,-0.2963633070206598,-0.2847957330461034,-0.8537725337397423,1.7383603689901108,1.5337516586945505,-0.04155947232136296,-0.37456210535202283,-0.30094033926474845,-0.05090271652268703
678,0.0,0.0,-0.1522740277874877,-0.09930094974218821,-0.3358051151451069,-0.06032236684187633,-0.27439255569134613,-0.7623512779550826,-0.7683645248817704,-0.7128461808575896,0.11985939086617578,0.4202551575657465,1.4227284989292077,-0.299802719050718,-0.04155947232136296,-0.3275407345444462,1.5793020088431986,-0.05090271652268703
679,1.0,0.0,-0.1522740277874877,0.5606928208124408,-0.3358051151451069,-0.06032236684187633,-0.27439255569134613,2.096527110908163,-0.23146728670893313,-0.13018705802470265,-0.9898862179693934,-0.7846947467426194,-0.6192057529857788,-0.299802719050718,-0.04155947232136296,-0.3275407345444462,0.4681210954983331,-0.05090271652268703
680,0.0,0.0,-0.1522740277874877,-0.6170153550869099,-1.2119093409328974,-0.06032236684187633,1.061190953758425,-0.7509930205229529,1.0805825953376318,1.0512220857704686,-0.22837089065296398,-0.8105411358572686,0.7961459662737912,-0.1680713456613444,-0.04155947232136296,-0.11348762493345331,0.053332410391893986,-0.05090271652268703
681,0.0,0.0,-0.1522740277874877,-0.03004544368154798,-0.3358051151451069,-0.06032236684187633,-0.27439255569134613,2.220740208271592,-0.4218164127089891,-0.08253698450778724,-1.0314018732995263,-0.7205227228559361,-0.5966750918952584,-0.299802719050718,-0.04155947232136296,-0.3275407345444462,1.0856617670692152,-0.05090271652268703
682,0.0,0.0,-0.1522740277874877,-0.3162362762000624,-1.0808963387501809,-0.06032236684187633,0.31064524796067383,-0.659301073926915,0.37698406841139026,-0.2963633070206598,-0.2847957330461034,-0.8570690742328779,1.478227320113759,1.2220175499036332,-0.04155947232136296,0.1026743119533729,-0.30094033926474845,-0.05090271652268703
683,0.0,0.0,-0.1522740277874877,-1.1837271508257787,-0.3358051151451069,-0.06032236684187633,-0.27439255569134613,-0.7891012582369911,1.8873625314182938,0.9094528711641712,1.0807902363304986,-0.7372367197709045,0.01610997438849669,-0.299802719050718,-0.04155947232136296,-0.3275407345444462,-0.3475990520866945,-0.05090271652268703
684,0.0,0.0,-0.1522740277874877,-0.3162362762000624,1.1845217817854434,-0.06032236684187633,-0.3495727789912293,-0.5602822157990867,2.229366395062251,-0.2963633070206598,-0.2847957330461034,-0.6101334757383993,-0.6138651585801868,-0.25461357367967474,-0.04155947232136296,-0.27823522662889066,-0.30094033926474845,-0.05090271652268703
685,0.0,0.0,-0.1522740277874877,-0.3162362762000624,-1.1001024485733397,-0.06032236684187633,0.5652023723984598,-0.6090647923573224,0.26291947050676573,-0.2963633070206598,-0.2847957330461034,-0.8746678778229044,1.5953646631388694,1.3920564035269494,-0.04155947232136296,-0.36327788066232514,-0.30094033926474845,-0.05090271652268703
686,0.0,0.0,-0.1522740277874877,0.32941704492590446,-0.3358051151451069,-0.06032236684187633,-0.27439255569134613,-0.6760155271872601,-0.785128382670489,-0.8980377314325533,-0.08446511926044602,-0.07976817874411972,1.930932748481662,-0.299802719050718,-0.04155947232136296,-0.3275407345444462,1.071241379794077,-0.05090271652268703
687,1.0,0.0,-0.1522740277874877,-0.20542933041142303,-0.07225333447650728,-0.06032236684187633,-0.11821585745468877,-0.7924747644303024,-0.7440926361198456,-0.3541061059413604,-0.17658062940646743,0.882692642633676,0.9299368503489348,-0.912286539921805,-0.04155947232136296,0.03265726066382278,1.1889176281344522,-0.05090271652268703
688,1.0,0.0,-0.1522740277874877,-0.3162362762000624,1.179322818940586,-0.06032236684187633,-0.29662411364435937,-0.5803716411435738,2.233946788494352,-0.2963633070206598,-0.2847957330461034,-0.6132918763898428,-0.595095345520923,-0.26056329006807993,-0.04155947232136296,-0.2793276568732647,-0.30094033926474845,-0.05090271652268703
689,0.0,0.0,-0.1522740277874877,9.11483702602952,-0.3358051151451069,-0.06032236684187633,-0.27439255569134613,-0.734202968261666,-0.7178109499475227,-0.8389674042482683,-0.08238474543653412,-0.3596323214129785,2.1753280141315017,-0.299802719050718,-0.04155947232136296,-0.3275407345444462,0.14448046040551532,-0.05090271652268703
690,1.0,0.0,-0.1522740277874877,-0.08330912714652175,-0.3358051151451069,-0.06032236684187633,-0.27439255569134613,-0.7778728200740838,-0.7539539567313753,-0.7272868108726945,-0.20692034355175606,0.5038908892193635,1.3509206451214515,-0.299802719050718,-0.04155947232136296,-0.3275407345444462,1.5006080268432034,-0.05090271652268703
691,0.0,0.0,-0.1522740277874877,2.619066598478667,-0.3358051151451069,-0.06032236684187633,-0.27439255569134613,-0.6515139986076264,-0.7242744122084501,-0.8244334390011517,-0.2155922248882715,-0.3712546823095768,2.1740268861719207,-0.299802719050718,-0.04155947232136296,-0.3275407345444462,0.11094676068679474,-0.05090271652268703
692,0.0,0.0,-0.1522740277874877,-0.3162362762000624,-0.10149071348119301,-0.06032236684187633,-0.2347765005655815,-0.8220616129307142,-0.5678957030460686,-0.2963633070206598,-0.2847957330461034,1.8693524154010128,-0.11681033691174485,-0.8248385837740523,-0.04155947232136296,1.475037747886888,-0.30094033926474845,-0.05090271652268703
693,1.0,0.0,-0.1522740277874877,1.4660098117102158,-0.16332458180774145,-0.06032236684187633,-0.9567369374287676,1.1118608539538766,0.8140062645827942,-0.22522764929927805,-1.3689176678058699,-0.5835188464087345,-0.9371881010293303,-0.14962374711184642,-0.04155947232136296,8.520911035781216,-0.09925715764456286,-0.05090271652268703
694,1.0,0.0,-0.1522740277874877,-0.3162362762000624,0.006779446422218719,-0.06032236684187633,0.0665484274047861,-0.6050842168955107,-0.6195372625827149,-0.2963633070206598,-0.2847957330461034,-0.597759136484823,-0.4879330050185774,0.4508705992723412,-0.04155947232136296,-0.6792759900695207,-0.30094033926474845,-0.05090271652268703
695,1.0,0.0,-0.35819851087639176,-0.29925463472618036,-0.30342278448396637,8.544094051106212,1.305786034200517,-0.5743550058927195,-0.580622834125906,-0.1824401560253918,-0.7652023036922371,-0.6127355384082184,-0.5756637136575082,-0.22550478490098377,0.16006327947795418,-0.2970073227383474,5.712775960136727,-0.0509027165227251
696,1.0,0.0,-0.1522740277874877,-0.2631586201014794,-0.3358051151451069,-0.06032236684187633,-0.27439255569134613,-0.5612157372526382,-0.5844029265947549,-0.11208141019452662,-0.8318274614457211,-0.6047501352114593,-0.5999971870314177,-0.299802719050718,-0.04155947232136296,-0.3275407345444462,2.1277757832674484,-0.05090271652268703
697,1.0,0.0,-0.1522740277874877,-0.3162362762000624,-0.19954701981314926,-0.06032236684187633,-0.05082066757115854,-0.7584961998677094,-0.568842466479186,-0.2963633070206598,-0.2847957330461034,2.0401214565742505,-0.33753125892714897,-0.6137156448227817,-0.04155947232136296,1.2412751349785338,-0.30094033926474845,-0.05090271652268703
698,0.0,0.0,-0.1522740277874877,-0.3162362762000624,1.6440238085791694,-0.06032236684187633,-1.2482835041994707,0.12179611006562815,1.729248059647127,-0.2963633070206598,-0.2847957330461034,-0.5247008964496547,-0.8704049379338903,-0.108318333315484,-0.04155947232136296,0.7614891282126632,-0.30094033926474845,-0.05090271652268703
699,1.0,0.0,-0.1522740277874877,0.05389182462104655,-0.3358051151451069,-0.06032236684187633,-0.27439255569134613,-0.6300895055159486,-0.7637754734153737,-0.8189132230988949,-0.26075860319578903,-0.269256347965897,2.0932888109927865,-0.299802719050718,-0.04155947232136296,-0.3275407345444462,0.47219826804617204,-0.05090271652268703
742,1.0,0.0,-0.1522740277874877,-0.3162362762000624,1.3248521091233734,-0.06032236684187633,-1.0575548803314145,0.3751339033324976,1.4671291609152994,-0.2963633070206598,-0.2847957330461034,-0.6673815462990382,-0.8163315480742181,-0.31259914431173913,-0.04155947232136296,0.25779721028877034,-0.30094033926474845,-0.05090271652268703
743,1.0,0.0,-0.1522740277874877,0.534223087098913,-0.3358051151451069,-0.06032236684187633,-0.27439255569134613,-0.6213563197858015,-0.7167748466723258,-0.9734711202118502,-0.20625757186877658,-0.409273377618111,2.1888849225180156,-0.299802719050718,-0.04155947232136296,-0.3275407345444462,0.06187256023462292,-0.05090271652268703
744,0.0,0.0,-0.1522740277874877,-0.7030564665655265,-1.1487982561205843,-0.06032236684187633,0.5373536685709199,-0.7860043040810089,1.2870874363375044,1.196429842596348,-0.19400862270339625,-0.7732937427236324,0.5962493023994763,-0.2841691487306294,-0.04155947232136296,-0.24759602810783657,0.12961948895289313,-0.05090271652268703
745,1.0,0.0,-0.1522740277874877,-0.3162362762000624,-0.2409700742304977,-0.06032236684187633,-0.2237658429188293,-0.687451995974522,-0.5813092397475103,-0.2963633070206598,-0.2847957330461034,2.116198089057624,-0.469695414520187,-0.3950489547779298,-0.04155947232136296,1.1411962063269372,-0.30094033926474845,-0.05090271652268703
746,1.0,0.0,-0.1522740277874877,1.7352006347975366,-0.3358051151451069,-0.06032236684187633,-0.27439255569134613,-0.7040418467986905,-0.7672636117468755,-0.9457320956918177,-0.2923696121712904,-0.13013137144319611,1.991842852216254,-0.299802719050718,-0.04155947232136296,-0.3275407345444462,0.8659757478794582,-0.05090271652268703
747,1.0,0.0,-0.1522740277874877,-1.2039519916595143,-0.3358051151451069,-0.06032236684187633,-0.27439255569134613,-0.7594629858927158,2.1210659913009846,0.19192968870058708,0.7456449714788771,-0.6545033141771476,-0.27892705558374936,-0.299802719050718,-0.04155947232136296,-0.3275407345444462,-0.2450349198055733,-0.05090271652268703
748,0.0,0.0,-0.1522740277874877,-1.2117020560990848,-0.3358051151451069,-0.06032236684187633,-0.27439255569134613,-0.7505829461854233,2.1391576647090704,0.1849002103634248,0.7367569752349108,-0.6511307875568136,-0.3083260399513139,-0.299802719050718,-0.04155947232136296,-0.3275407345444462,0.029375689992179148,-0.05090271652268703
749,1.0,0.0,-0.1522740277874877,1.001611594559046,-0.3358051151451069,-0.06032236684187633,-0.27439255569134613,1.992487283742109,-0.10500615737009426,-0.13363878728133674,-0.9569850649787468,-0.8049468850510539,-0.6379281349171521,-0.299802719050718,-0.04155947232136296,-0.3275407345444462,0.3269627580153118,-0.05090271652268703
750,0.0,0.0,-0.1522740277874877,-0.3162362762000624,-0.10617066632133795,-0.06032236684187633,1.3730198334025752,2.2103823709824084,-0.6882570379475176,-0.2963633070206598,-0.2847957330461034,-0.48850550982871166,-0.5684375220292556,-0.2727550472231526,-0.04155947232136296,-0.46346562930329166,-0.30094033926474845,-0.05090271652268703
751,0.0,0.0,-0.1522740277874877,0.19929784476494916,-0.3358051151451069,-0.06032236684187633,-0.27439255569134613,2.1769838459952484,-0.34184392286520165,-0.0341250594249072,-1.019026518479797,-0.7521999195876831,-0.6085823794701115,-0.299802719050718,-0.04155947232136296,-0.3275407345444462,0.9542915086421894,-0.05090271652268703
752,0.0,0.0,-0.1522740277874877,-1.071382265562286,-0.3358051151451069,-0.06032236684187633,-0.27439255569134613,-0.8067308455230581,1.7854540711479183,1.1067865388284799,0.13126237185592565,-0.7109018353074896,0.1152805552391232,-0.299802719050718,-0.04155947232136296,-0.3275407345444462,0.13697764470001955,-0.05090271652268703
753,0.0,0.0,-0.1522740277874877,-0.3162362762000624,0.8902368766217423,-0.06032236684187633,-0.34637841646351875,-0.8795621956871736,-0.5669813693609536,-0.2963633070206598,-0.2847957330461034,1.4713801003100488,0.31655961129121757,-1.0537660646383866,-0.04155947232136296,1.3566745443477146,-0.30094033926474845,-0.05090271652268703
754,0.0,0.0,-0.1522740277874877,-0.21553461841931976,1.7676160718889544,-0.06032236684187633,-0.22170621575842592,-0.8151667659078486,-0.7163257699947879,-0.5988213241979722,-0.20284878535001977,0.7371991615749108,1.0935221116322413,-1.1041401642130262,-0.04155947232136296,-0.08146450960915473,1.3204244230461717,-0.05090271652268703
755,0.0,0.0,-0.1522740277874877,1.7853769076640251,-0.3358051151451069,-0.06032236684187633,-0.27439255569134613,1.4637190338015151,0.44100951277719747,-0.26994029459039154,-0.8439496362599951,-0.7828045576009893,-0.7498167104727932,-0.299802719050718,-0.04155947232136296,-0.3275407345444462,0.020436624398442054,-0.05090271652268703
756,0.0,0.0,-0.1522740277874877,-0.058491054046388734,-0.3358051151451069,-0.06032236684187633,-0.27439255569134613,-0.7375553826820302,-0.7821880149614986,-0.7527994536604549,-0.06439053635812185,0.30700306014413664,1.5429372151201084,-0.299802719050718,-0.04155947232136296,-0.3275407345444462,1.6004457729727777,-0.05090271652268703
757,1.0,0.0,-0.1522740277874877,-0.3162362762000624,1.6646906937659618,-0.06032236684187633,-0.7509850514958288,-0.0027894013225470316,1.8248676061607798,-0.2963633070206598,-0.2847957330461034,-0.6557066850923038,-0.7992360695151979,-0.16020454210583104,-0.04155947232136296,-0.18379291214664592,-0.30094033926474845,-0.05090271652268703
758,1.0,0.0,-0.1522740277874877,-0.2135802909428808,-0.32372177883739256,-0.06032236684187633,-0.1669970655278362,0.6352536115732298,-0.7703422989753935,-0.1793895700475722,1.2940252743947496,1.184547408481528,-0.741108198686993,1.3798203916742724,-0.04155947232136296,-0.8860623408237213,-0.7266053134034605,-0.05090271652268703
759,0.0,0.0,-0.1522740277874877,-0.3162362762000624,1.5398682062029205,-0.06032236684187633,-1.8327436249490647,-0.16222645453597004,1.9838684324382996,-0.2963633070206598,-0.2847957330461034,-0.4307860930936969,-0.8451093119246115,-0.0597896896984443,-0.04155947232136296,0.23534876439901942,-0.30094033926474845,-0.05090271652268703
760,1.0,0.0,-0.1522740277874877,-0.3162362762000624,0.8152664820643316,-0.06032236684187633,-0.9928603477515551,0.5921388575835282,1.2715677970553847,-0.2963633070206598,-0.2847957330461034,-0.678347146774646,-0.8218692652546022,-0.23939595588903506,-0.04155947232136296,0.8587904085548139,-0.30094033926474845,-0.05090271652268703
761,0.0,0.0,-0.1522740277874877,-0.2612905841456209,-0.30464314209870225,-0.06032236684187633,0.5949939547605397,1.1639678212694573,-0.8471498983501741,-0.22114953117287622,1.011170340471028,0.6621694807700065,-0.6235771203079148,1.8254199571200307,-0.04155947232136296,-0.9784180643358195,-0.43555077691971006,-0.05090271652268703
762,0.0,0.0,-0.1522740277874877,-0.3408953339685393,-0.3358051151451069,-0.06032236684187633,-0.27439255569134613,-0.10797162407076392,-0.6653478681135043,0.7274514204779589,0.7712598109796922,1.8958527684843445,-0.7656338508233391,-0.299802719050718,-0.04155947232136296,-0.3275407345444462,-0.9529893789530111,-0.05090271652268703
763,1.0,0.0,-0.1522740277874877,-0.2960346601083361,-0.3358051151451069,-0.06032236684187633,-0.27439255569134613,0.31180675076003117,-0.8851316689837471,1.1301075997934364,1.402673303849084,1.5458383011774117,-0.6825602681117136,-0.299802719050718,-0.04155947232136296,-0.3275407345444462,-1.4214153477107487,-0.05090271652268703
764,1.0,0.0,-0.1522740277874877,-0.3162362762000624,1.1688669198621842,-0.06032236684187633,-0.3571574088557824,-0.5980720966423204,-0.5588880903167555,-0.2963633070206598,-0.2847957330461034,-0.6081014955539795,-0.5769609269604202,-0.24905626648690202,-0.04155947232136296,-0.2362195835487683,-0.30094033926474845,-0.05090271652268703
765,1.0,0.0,-0.1522740277874877,0.05579376803737487,-0.3358051151451069,-0.06032236684187633,-0.27439255569134613,-0.5834465527225253,-0.6839104794611881,2.6028424348987427,-0.212232216733986,-0.5630314410011575,-0.5442145401886443,-0.299802719050718,-0.04155947232136296,-0.3275407345444462,-0.8241151876162878,-0.05090271652268703
766,1.0,0.0,-0.1522740277874877,-0.3162362762000624,-0.3224116498249162,-0.06032236684187633,-0.15941631957900404,-0.6035908239222506,-0.5667495660740192,-0.2963633070206598,-0.2847957330461034,-0.5994770122063634,-0.5717505831002409,-0.5086792303565576,-0.04155947232136296,1.037198194093563,-0.30094033926474845,-0.05090271652268703
767,1.0,0.0,-0.1522740277874889,1.9423220398262415,-0.319613949814534,0.0894409891894458,-0.1728484506955638,-0.5972384016353933,-0.5862744032040828,-0.7368661575356956,-0.284795733046101,-0.6155033210246811,2.252048452726669,1.0876220436745885,18.430090149042744,-0.2970073227383463,-0.19436815168041502,-0.8107972771688446
768,0.0,0.0,-0.1522740277874877,-0.3162362762000624,0.5686242036968511,-0.06032236684187633,-0.04017958600625517,-0.8874923141701827,-0.491852303190316,-0.2963633070206598,-0.2847957330461034,1.719199028290503,0.064535809706908,-1.1736663543834214,-0.04155947232136296,1.5553863750208325,-0.30094033926474845,-0.05090271652268703
769,1.0,0.0,-0.1522740277874877,-0.3162362762000624,0.8159840310447959,-0.06032236684187633,-0.9675724368080993,0.5855521914998708,1.2671652614876068,-0.2963633070206598,-0.2847957330461034,-0.7239313281141208,-0.7988214831318233,-0.30666385146911024,-0.04155947232136296,-0.02839634398454597,-0.30094033926474845,-0.05090271652268703
812,1.0,0.0,-0.1522740277874877,-0.3162362762000624,-0.21210836337139125,-0.06032236684187633,-0.20495521502565686,-0.787001935516601,-0.5804755185962256,-0.2963633070206598,-0.2847957330461034,1.950585983868667,-0.22279767133838266,-0.650783574030377,-0.04155947232136296,1.3995112945748707,-0.30094033926474845,-0.05090271652268703
813,1.0,0.0,-0.1522740277874877,-0.3162362762000624,-1.0391082357776806,-0.06032236684187633,0.12618973343470305,-0.6602217700935591,0.2981031057757595,-0.2963633070206598,-0.2847957330461034,-0.8518243337971748,1.5554407208603918,1.3457975628660865,-0.04155947232136296,-0.38901811052534374,-0.30094033926474845,-0.05090271652268703
814,0.0,0.0,-0.1522740277874877,1.8075247435936959,-0.3358051151451069,-0.06032236684187633,-0.27439255569134613,1.5399606762690865,0.3529316375938552,0.08111129762614311,-0.7491205168708416,-0.8135854575651179,-0.7033121499851868,-0.299802719050718,-0.04155947232136296,-0.3275407345444462,-0.12094941780167784,-0.05090271652268703
815,1.0,0.0,-0.1522740277874877,-0.3162362762000624,1.6768640717907495,-0.06032236684187633,-0.8996021574253703,0.06600758084329433,1.7582055016071085,-0.2963633070206598,-0.2847957330461034,-0.6424624512213013,-0.8124777873097464,-0.340105549697848,-0.04155947232136296,-0.06267033668306465,-0.30094033926474845,-0.05090271652268703
816,1.0,0.0,-0.1522740277874877,-0.3162362762000624,-1.1660890557708705,-0.06032236684187633,1.7524451350204668,-0.6137212609126,0.5472075479245101,-0.2963633070206598,-0.2847957330461034,-0.8819700201922714,1.3286149322076404,0.8514457172251532,-0.04155947232136296,-0.33722520252207505,-0.30094033926474845,-0.05090271652268703
817,1.0,0.0,-0.1522740277874877,-1.1869280901897399,-0.3358051151451069,-0.06032236684187633,-0.27439255569134613,-0.7739684396024377,2.078012667677802,0.34899257239273307,0.6555121893949432,-0.6633151423884842,-0.21901438440798293,-0.299802719050718,-0.04155947232136296,-0.3275407345444462,-0.2701020868536891,-0.05090271652268703
818,0.0,0.0,-0.1522740277874877,-0.3162362762000624,-0.24391432484836817,-0.06032236684187633,1.3147640496552613,2.2498389639197236,-0.6238307671444815,-0.2963633070206598,-0.2847957330461034,-0.5769869064422696,-0.5718248761038676,-0.29020274721031447,-0.04155947232136296,-0.3702064149684634,-0.30094033926474845,-0.05090271652268703
819,1.0,0.0,-0.1522740277874877,-0.3162362762000624,1.532106474930879,-0.06032236684187633,-0.6718118725488219,-0.21150546441836604,2.0056492443251646,-0.2963633070206598,-0.2847957330461034,-0.6189386360356972,-0.774846176306294,-0.05760215536950672,-0.04155947232136296,-0.1899800885961155,-0.30094033926474845,-0.05090271652268703
820,0.0,0.0,-0.1522740277874877,-0.3162362762000624,-1.105652205151791,-0.06032236684187633,0.41750040421532414,-0.6678382970532114,0.45761161548043144,-0.2963633070206598,-0.2847957330461034,-0.8599012394780091,1.3977600779229542,1.0562939205546173,-0.04155947232136296,0.09003074257652441,-0.30094033926474845,-0.05090271652268703
821,0.0,0.0,-0.1522740277874877,-0.3162362762000624,-0.947211843338071,-0.06032236684187633,0.04016457599218444,-0.6117022149766319,0.035366490806640546,-0.2963633070206598,-0.2847957330461034,-0.848111327484244,1.8082262466192167,1.5607968380108939,-0.04155947232136296,0.13258407108314185,-0.30094033926474845,-0.05090271652268703
822,0.0,0.0,-0.35819851087638555,-0.28227299325229777,-0.3034227844839657,20.404235600169788,1.296884000995886,2.2574652172631815,-0.5806228341259064,-0.23307266757884246,-0.9750350586871,-0.6155033210246811,-0.5756637136575082,-0.299802719050718,0.47909058395539894,-0.31227402864139425,0.9474767152945456,-0.05090271652268722
823,0.0,0.0,-0.1522740277874877,-0.3162362762000624,1.6810041956942017,-0.06032236684187633,-1.0928640340728444,0.03368138352957145,1.7948448129674113,-0.2963633070206598,-0.2847957330461034,-0.5759283554335087,-0.8333436155717497,-0.3378515948237058,-0.04155947232136296,0.20713464579536323,-0.30094033926474845,-0.05090271652268703
824,0.0,0.0,-0.1522740277874877,-0.3162362762000624,-0.374821078451121,-0.06032236684187633,1.3136233299886235,1.4038297187073105,-0.8452925154382102,-0.2963633070206598,-0.2847957330461034,0.40736047393413666,-0.6183562891173219,0.660380408759652,-0.04155947232136296,-1.0732499535873248,-0.30094033926474845,-0.05090271652268703
825,0.0,0.0,-0.1522740277874877,-0.7977736016509227,-1.208303159000988,-0.06032236684187633,2.3413416792545316,-0.7302153310960863,1.1255169292911358,1.0786670422744016,-0.18701606110872487,-0.8265088782751505,0.7659702023261088,-0.22007998420374758,-0.04155947232136296,-0.2831549080003869,-0.19709258610239513,-0.05090271652268703
826,0.0,0.0,-0.1522740277874877,-0.3162362762000624,1.4586657159154772,-0.06032236684187633,-1.023638467314561,0.29557606218363475,1.539087288293914,-0.2963633070206598,-0.2847957330461034,-0.6644473421395647,-0.8242655163894991,-0.0832211994621956,-0.04155947232136296,0.10630957091342176,-0.30094033926474845,-0.05090271652268703
827,1.0,0.0,-0.1522740277874877,-0.3001267357576246,-0.9988892200386676,-0.06032236684187633,-0.0373270306993687,-0.7228226070734282,0.625477040042336,0.8858504910108724,-0.2016993992715816,-0.8287952515451074,1.2387918890487115,0.6712790561056697,-0.04155947232136296,-0.20195140090743963,-0.2988726627100933,-0.05090271652268703
828,1.0,0.0,-0.1522740277874877,-0.3162362762000624,-0.968385966953296,-0.06032236684187633,0.15316462292198044,-0.6169037799863349,0.11501140475531625,-0.2963633070206598,-0.2847957330461034,-0.8591946784169614,1.741947206912758,1.532070546197899,-0.04155947232136296,-0.3245271613557295,-0.30094033926474845,-0.05090271652268703
829,0.0,0.0,-0.1522740277874877,-0.9564011711664396,-0.3358051151451069,-0.06032236684187633,-0.27439255569134613,-0.6361882698966677,2.2363376163908053,-0.24302630234877381,9.205108798996326,-0.6399306390714806,-0.5289918500475345,-0.299802719050718,-0.04155947232136296,-0.3275407345444462,-0.13638001318503454,-0.05090271652268703
830,1.0,0.0,-0.1522740277874877,-0.2945792703102961,-0.3358051151451069,-0.06032236684187633,-0.27439255569134613,0.2497472772345301,-0.7183874207692352,0.12228641449370277,1.3823322571495946,1.5732981420471723,-0.7721201176540562,-0.299802719050718,-0.04155947232136296,-0.3275407345444462,-0.9337850940703205,-0.05090271652268703
831,0.0,0.0,-0.1522740277874877,0.7929737289641784,-0.3358051151451069,-0.06032236684187633,-0.27439255569134613,-0.7422558771598102,-0.7760291216550185,-0.8813462030476974,-0.3329349694365206,0.10583988864789819,1.7718631642043097,-0.299802719050718,-0.04155947232136296,-0.3275407345444462,1.4132803656815098,-0.05090271652268703
832,0.0,0.0,-0.1522740277874877,-0.4227638261660175,-1.0184846122625046,-0.06032236684187633,1.4337075111724749,-0.6745182695323333,0.7157445160664292,0.8919668292507865,-0.20279924961256107,-0.8558506077303848,1.164770936878832,0.46434641289994105,-0.04155947232136296,-0.30181008292080225,-0.2517893350558208,-0.05090271652268703
833,1.0,0.0,-0.1522740277874877,-0.3162362762000624,1.6023944561595767,-0.06032236684187633,-1.6821457600506329,-0.09439512768647108,1.9268512831094942,-0.2963633070206598,-0.2847957330461034,-0.4447479160638029,-0.8570620932411736,-0.24036674037144773,-0.04155947232136296,0.3825888287777013,-0.30094033926474845,-0.05090271652268703
834,1.0,0.0,-0.1522740277874877,-0.19455303650458813,-0.3358051151451069,-0.06032236684187633,-0.27439255569134613,-0.5990408280864037,-0.5935399039543945,1.9901250397265682,-0.26894445031221675,-0.581401872677335,-0.5717171017228508,-0.299802719050718,-0.04155947232136296,-0.3275407345444462,-0.8742392356990533,-0.05090271652268703
835,1.0,0.0,-0.1522740277874877,-0.14559794214150296,5.724817487062214,-0.06032236684187633,-0.07247906209114775,-0.7229925395471996,-0.44000750938877936,-0.8546780374880153,-0.0832032719762066,-0.6121272264333231,-0.5192472859088088,-0.8843707927571246,-0.04155947232136296,-0.3071718026716051,0.7775341593285906,-0.05090271652268703
836,1.0,0.0,-0.1522740277874877,-0.3162362762000624,0.4565753445879988,-0.06032236684187633,0.29424071478103064,-0.635118294180677,-0.4976797989964161,-0.2963633070206598,-0.2847957330461034,-0.6257630037060992,-0.5572074515622263,-0.6440599615992375,-0.04155947232136296,-0.011863101020417766,-0.30094033926474845,-0.05090271652268703
837,1.0,0.0,-0.1522740277874877,1.7858397651024078,-0.3358051151451069,-0.06032236684187633,-0.27439255569134613,-0.6135003482868753,-0.6687987773793743,-0.8043262402354739,-0.21400380496103663,-0.5072577896900379,2.2355543894262144,-0.299802719050718,-0.04155947232136296,-0.3275407345444462,-0.09522698149063512,-0.05090271652268703
838,0.0,0.0,-0.1522740277874877,-0.3162362762000624,-1.0928102918346527,-0.06032236684187633,3.0406682287584417,-0.5493931623948239,0.5599011358688466,-0.2963633070206598,-0.2847957330461034,-0.9264673734468429,1.3316553252970735,0.8560521777466671,-0.04155947232136296,-0.18376772195507105,-0.30094033926474845,-0.05090271652268703
839,1.0,0.0,-0.1522740277874877,-0.13241422533624972,-0.3358051151451069,-0.06032236684187633,-0.27439255569134613,-0.7148390616761148,-0.7972266082799234,-0.6866891927051162,-0.29044903759293256,0.3078826451223801,1.545551201468846,-0.299802719050718,-0.04155947232136296,-0.3275407345444462,1.5809018487453261,-0.05090271652268703
882,1.0,0.0,-0.1522740277874877,-0.12456586816660911,-0.3358051151451069,-0.06032236684187633,-0.27439255569134613,2.240869708548525,-0.47201259409932633,-0.16650095124439437,-1.0313230082465945,-0.6951167530722866,-0.5851776367116507,-0.299802719050718,-0.04155947232136296,-0.3275407345444462,1.0032581816656505,-0.05090271652268703
883,1.0,0.0,-0.1522740277874877,-1.1716858713042515,-0.3358051151451069,-0.06032236684187633,-0.27439255569134613,-0.7817941017697606,2.053597301102982,0.44412748451053974,0.2605769774755298,-0.6585189412727337,-0.18945111313222357,-0.299802719050718,-0.04155947232136296,-0.3275407345444462,-0.28379976633075316,-0.05090271652268703
884,0.0,0.0,-0.1522740277874877,-0.2904642218956965,0.26963561540050035,-0.06032236684187633,0.09429608916061022,-0.8173957248254761,-0.7177664599205332,-0.3539394230877835,-0.11398264329048256,0.9601883017401717,0.8404526447838746,-1.0801732232993495,-0.04155947232136296,0.20642072428944244,1.165867315922064,-0.05090271652268703
885,1.0,0.0,-0.1522740277874877,-0.3162362762000624,-1.0157363247460893,-0.06032236684187633,0.13207439481262623,-0.6447691978158542,0.2215582364152539,-0.2963633070206598,-0.2847957330461034,-0.8534899686535046,1.6294638267408084,1.4429768642454208,-0.04155947232136296,-0.3913428228245563,-0.30094033926474845,-0.05090271652268703
886,1.0,0.0,-0.1522740277874877,-0.19150765556147026,-0.3358051151451069,-0.06032236684187633,-0.27439255569134613,2.2414549370722088,-0.4684314372146982,-0.20721138829139857,-1.0318605054055083,-0.6921496327948627,-0.6010691664190789,-0.299802719050718,-0.04155947232136296,-0.3275407345444462,2.9725693258809485,-0.05090271652268703
887,1.0,0.0,-0.1522740277874877,0.8819028234118987,-0.3358051151451069,-0.06032236684187633,-0.27439255569134613,2.0208748213449503,-0.13592779005250558,-0.30262087526881665,-0.9707766231622613,-0.7993918914227807,-0.6390167025576736,-0.299802719050718,-0.04155947232136296,-0.3275407345444462,0.5842337695024515,-0.05090271652268703
888,0.0,0.0,-0.1522740277874877,-0.3162362762000624,1.6609335919279655,-0.06032236684187633,-0.8277105826262865,-0.07813596245286795,1.8908484400534857,-0.2963633070206598,-0.2847957330461034,-0.6200726935565912,-0.8039726399788956,0.1352282580444457,-0.04155947232136296,-0.13556707841811128,-0.30094033926474845,-0.05090271652268703
889,1.0,0.0,-0.1522740277874877,-0.3162362762000624,-0.803484647140243,-0.06032236684187633,-0.07921159095413675,-0.6110584224586979,-0.10419225537191627,-0.2963633070206598,-0.2847957330461034,-0.8295173708253298,1.934877890590105,1.5033024512913198,-0.04155947232136296,-0.08095332467087041,-0.30094033926474845,-0.05090271652268703
890,0.0,0.0,-0.1522740277874877,-1.0039216718470396,-0.3358051151451069,-0.06032236684187633,-0.27439255569134613,-0.8035432222625094,1.6430233186458172,1.2519042345512585,0.02188463341225564,-0.7355110041074416,0.2553166117912253,-0.299802719050718,-0.04155947232136296,-0.3275407345444462,0.15049544472773685,-0.05090271652268703
891,0.0,0.0,-0.1522740277874877,-0.3162362762000624,0.12264050872999054,-0.06032236684187633,1.7170866544950394,1.9971940746782944,-0.791199696712103,-0.2963633070206598,-0.2847957330461034,-0.20810792842237918,-0.5716932028269751,-0.16854885364298447,-0.04155947232136296,-0.7611760805784884,-0.30094033926474845,-0.05090271652268703
892,0.0,0.0,-0.1522740277874877,-1.2218077732465893,-0.3358051151451069,-0.06032236684187633,-0.27439255569134613,-0.6524092301647098,2.2328587109389635,-0.23302658479474647,0.8108148862581558,-0.6219034139731218,-0.5071549301999593,-0.299802719050718,-0.04155947232136296,-0.3275407345444462,-0.14222734653254923,-0.05090271652268703
893,0.0,0.0,-0.1522740277874877,-0.38358724087514656,-0.3358051151451069,-0.06032236684187633,-0.27439255569134613,0.0683789394332905,-0.7230555712016747,0.7644734761880648,1.1705137062575708,1.7440950670489934,-0.7623318491037671,-0.299802719050718,-0.04155947232136296,-0.3275407345444462,-1.0755808749309288,-0.05090271652268703
894,0.0,0.0,-0.1522740277874877,-0.06594077982324129,-0.3358051151451069,-0.06032236684187633,-0.27439255569134613,-0.7792174415804675,-0.7533021457534076,-0.7474621079917464,-0.24870506656373279,0.46707774900765725,1.3826904693721944,-0.299802719050718,-0.04155947232136296,-0.3275407345444462,1.5557791092273872,-0.05090271652268703
895,0.0,0.0,-0.1522740277874877,1.290348245578875,0.3980537875811029,-0.06032236684187633,-1.1562567756559328,0.7513016565243642,1.112591545492895,-0.24354883643084324,-0.40217543044388987,-0.6868356364415722,-0.8268066013928168,-0.28144236578501786,-0.04155947232136296,1.4038497591935715,-0.2499260548976807,-0.05090271652268703
896,0.0,0.0,-0.1522740277874877,0.9843658916801629,-0.3358051151451069,-0.06032236684187633,-0.27439255569134613,-0.6041817938393265,-0.6217028928154567,-0.9616455547609382,-0.1811711383608864,-0.5754801272136753,2.2516228174791313,-0.299802719050718,-0.04155947232136296,-0.3275407345444462,-0.2642480743970332,-0.05090271652268703
897,1.0,0.0,-0.1522740277874877,0.4520882955015652,-0.3358051151451069,-0.06032236684187633,-0.27439255569134613,2.119370858403016,-0.2643129730586219,-0.1821928905511094,-0.854333374563037,-0.7825537056678838,-0.5992332227073599,-0.299802719050718,-0.04155947232136296,-0.3275407345444462,-0.07332083424664623,-0.05090271652268703
898,1.0,0.0,-0.1522740277874877,-0.1938416794672138,-0.2943081519981745,-0.06032236684187633,-0.06340878246382375,0.7956454042725966,-0.7904140437238659,-0.22245396360905223,1.1663228805129822,1.022395053964155,-0.7199677595354529,1.27216543622856,-0.04155947232136296,-0.9411283914339935,-0.6218068490369335,-0.05090271652268703
899,0.0,0.0,-0.1522740277874877,-0.33141215819604897,-1.1273015061430907,-0.06032236684187633,6.594020849977505,-0.419855514133003,0.6516597401616994,0.8858505015692667,-0.20185802653903331,-1.0012499739770018,1.2628782334508135,0.679260339197802,-0.04155947232136296,-0.1087002136568579,-0.2683997443742662,-0.05090271652268703
900,1.0,0.0,-0.1522740277874877,-0.3162362762000624,-1.0289821550731273,-0.06032236684187633,0.8077588015509615,-0.6483171528002706,0.4695575395807433,-0.2963633070206598,-0.2847957330461034,-0.8607630717936392,1.4035494666631456,1.0324285385750613,-0.04155947232136296,-0.294910259117852,-0.30094033926474845,-0.05090271652268703
901,0.0,0.0,-0.1522740277874877,3.030108177703979,-0.3358051151451069,-0.06032236684187633,-0.27439255569134613,-0.6293597422980527,-0.6795405835495334,-0.8105164568599291,-0.19147984882952704,-0.4760367596058479,2.2274027816546975,-0.299802719050718,-0.04155947232136296,-0.3275407345444462,-0.14564894004329146,-0.05090271652268703
902,0.0,0.0,-0.1522740277874877,-0.9736739245008911,-0.3358051151451069,-0.06032236684187633,-0.27439255569134613,-0.6504440625029034,2.2332108356778306,-0.25533410758835684,1.7466969071616247,-0.6226854886342408,-0.5118735068075915,-0.299802719050718,-0.04155947232136296,-0.3275407345444462,-0.19634051369014116,-0.05090271652268703
903,1.0,0.0,-0.1522740277874877,-0.23318336550129726,-0.1839161698960084,-0.06032236684187633,0.08012713829822034,0.9370504713832322,-0.9543535279221903,-0.19392966737112702,1.0857064833768577,0.9192601233803354,-0.5091346799127819,7.5987521326527,-0.04155947232136296,-0.9655487232135983,-1.3361679819791061,-0.05090271652268703
904,1.0,0.0,-0.1522740277874877,-0.21590928530020656,1.8070034681823404,-0.06032236684187633,-0.023609322085029943,-0.6507887574140341,-0.49841665597639623,-0.4301325943476237,-0.21381254718249715,-0.6232199868227944,-0.535505526249783,-0.8388529067602198,-0.04155947232136296,-0.28355555531845394,1.080680496306968,-0.05090271652268703
905,1.0,0.0,-0.1522740277874877,-0.3162362762000624,-1.0204577510677126,-0.06032236684187633,-0.1514954781224606,-0.5180028253014145,-0.5831325936696229,-0.2963633070206598,-0.2847957330461034,-0.6303225120246301,-0.5663600297026674,0.8515938124604242,-0.04155947232136296,-0.14257771514605663,-0.30094033926474845,-0.05090271652268703
906,1.0,0.0,-0.1522740277874877,-0.9836797882217767,-0.3358051151451069,-0.06032236684187633,-0.27439255569134613,-0.5879268662181385,-0.5460961029917958,-0.2548162392624603,1.847785973610163,-0.6422821321170924,-0.5737785688086464,-0.299802719050718,-0.04155947232136296,-0.3275407345444462,-0.05626368468485563,-0.05090271652268703
907,1.0,0.0,-0.1522740277874877,-0.3162362762000624,1.6663332807769875,-0.06032236684187633,-0.957471374057154,0.11005620103498939,1.727493842477054,-0.2963633070206598,-0.2847957330461034,-0.622908963680909,-0.8281904047178714,-0.1111337244500603,-0.04155947232136296,0.1278920112429019,-0.30094033926474845,-0.05090271652268703
908,0.0,0.0,-0.1522740277874877,-0.3162362762000624,-1.2244246259457572,-0.06032236684187633,1.4045694647635056,-0.5125470624475804,0.24110814954293172,-0.2963633070206598,-0.2847957330461034,-0.9151445600139475,1.6365950841272692,1.4299740966678987,-0.04155947232136296,-0.15178868784247962,-0.30094033926474845,-0.05090271652268703
909,1.0,0.0,-0.1522740277874877,-0.3162362762000624,-0.5209131289156603,-0.06032236684187633,-0.16414120096491858,-0.6053781897879447,-0.3206018433726467,-0.2963633070206598,-0.2847957330461034,-0.7717863640618551,2.1177705825063113,1.2575599113582072,-0.04155947232136296,-0.22901931740697035,-0.30094033926474845,-0.05090271652268703
952,1.0,0.0,-0.1522740277874877,0.16583417063487027,-0.3358051151451069,-0.06032236684187633,-0.27439255569134613,-0.7058211774282447,-0.788264397075603,-0.8404590770575457,-0.3078847582396217,0.13217597655184746,1.7296330463074698,-0.299802719050718,-0.04155947232136296,-0.3275407345444462,1.4936860675081851,-0.05090271652268703
953,1.0,0.0,-0.1522740277874877,-0.3162362762000624,1.3104902777065939,-0.06032236684187633,-1.041179229286684,0.3748836021106744,1.4647880037528753,-0.2963633070206598,-0.2847957330461034,-0.6833217246345087,-0.8161111542134522,-0.35345705161718044,-0.04155947232136296,0.083119089532407,-0.30094033926474845,-0.05090271652268703
954,0.0,0.0,-0.1522740277874877,-0.31545545427817256,0.1573559890321972,-0.06032236684187633,0.15635517979958927,-0.8348725189142202,-0.6909774541839934,-0.2853133618779842,-0.2539313733291041,1.1573267190242185,0.6320481645195862,-1.0361562195308585,-0.04155947232136296,0.6840794925572863,1.113604571813204,-0.05090271652268703
955,1.0,0.0,-0.1522740277874877,-0.3162362762000624,-0.2716284006513768,-0.06032236684187633,1.5598618732967877,2.0992958186652197,-0.758159364951775,-0.2963633070206598,-0.2847957330461034,-0.3294292384437425,-0.5741519745962212,-0.19533143177808537,-0.04155947232136296,-0.6027076674282535,-0.30094033926474845,-0.05090271652268703
956,1.0,0.0,-0.1522740277874877,-0.3162362762000624,-0.07434042042353257,-0.06032236684187633,-0.2075252528777675,-0.8186823288586484,-0.5435948598093069,-0.2963633070206598,-0.2847957330461034,1.8985210800780525,-0.15305059078615552,-0.9332052804681589,-0.04155947232136296,1.4634386005553632,-0.30094033926474845,-0.05090271652268703
957,1.0,0.0,-0.1522740277874877,-0.3162362762000624,0.8202708681385567,-0.06032236684187633,-1.1141803843822038,0.5815578889865628,1.268413279788003,-0.2963633070206598,-0.2847957330461034,-0.6912879095266309,-0.8168222422634039,-0.30868888555418456,-0.04155947232136296,0.5535001169150429,-0.30094033926474845,-0.05090271652268703
958,0.0,0.0,-0.1522740277874877,-0.3162362762000624,-0.6678025774345928,-0.06032236684187633,-0.1928634796994023,-0.5921044132896589,-0.294615659404148,-0.2963633070206598,-0.2847957330461034,-0.7872225501195204,2.0965458537001482,1.3125856769054933,-0.04155947232136296,0.03755106233659812,-0.30094033926474845,-0.05090271652268703
959,1.0,0.0,-0.1522740277874877,-0.6262644280947365,-1.2080184641315936,-0.06032236684187633,0.9135230077151351,-0.7611097349187834,1.122498706914266,1.0796266572471493,-0.18322283085780733,-0.7983034438515176,0.7581192100238581,-0.2132382157624465,-0.04155947232136296,-0.1864113465517553,-0.06570078070714577,-0.05090271652268703
960,0.0,0.0,-0.1522740277874877,-0.3162362762000624,1.394174257820297,-0.06032236684187633,-1.041740988753261,0.3354534398165418,1.5004071346541556,-0.2963633070206598,-0.2847957330461034,-0.6662203327803399,-0.82800902514913,0.12176998632518658,-0.04155947232136296,0.17940707168939998,-0.30094033926474845,-0.05090271652268703
961,0.0,0.0,-0.1522740277874877,-0.3162362762000624,-0.6806984025160573,-0.06032236684187633,-0.19114028454213425,-0.5907683314272059,-0.29434138134062815,-0.2963633070206598,-0.2847957330461034,-0.7825020949757937,2.0964624331128605,1.3115443486271026,-0.04155947232136296,0.04409271369444981,-0.30094033926474845,-0.05090271652268703
962,0.0,0.0,-0.1522740277874877,-0.3162362762000624,-0.325355425200428,-0.06032236684187633,-0.17579597261254207,-0.6322586490760607,-0.583077852075134,-0.2963633070206598,-0.2847957330461034,2.1420546292238556,-0.5362408420130984,-0.33355638696339757,-0.04155947232136296,1.1059851615870413,-0.30094033926474845,-0.05090271652268703
963,0.0,0.0,-0.1522740277874877,-0.3162362762000624,1.506724302756928,-0.06032236684187633,-0.30516699823902455,-0.8803356909424243,-0.591264556826872,-0.2963633070206598,-0.2847957330461034,1.2828188054419762,0.516711668273318,-1.0618621390466323,-0.04155947232136296,0.9605605559978777,-0.30094033926474845,-0.05090271652268703
964,0.0,0.0,-0.1522740277874877,-0.3162362762000624,1.2877595306313214,-0.06032236684187633,-0.5765246460968347,-0.41749892374490133,2.1618805549991773,-0.2963633070206598,-0.2847957330461034,-0.5996710426640651,-0.7078250927948949,-0.21394093834352138,-0.04155947232136296,-0.26158606253750133,-0.30094033926474845,-0.05090271652268703
965,0.0,0.0,-0.1522740277874877,-0.27184072841330936,-0.3358051151451069,-0.06032236684187633,-0.27439255569134613,-0.3544849371914951,-0.6292915839762905,1.349044056793335,0.0913615236938227,2.0724618057565207,-0.7145787402836123,-0.299802719050718,-0.04155947232136296,-0.3275407345444462,-1.1130754446483524,-0.05090271652268703
966,0.0,0.0,-0.1522740277874877,-0.07057564185425232,-0.3358051151451069,-0.06032236684187633,-0.27439255569134613,0.02269689908889862,-0.6718888117757271,0.12455497284063469,1.1108872143227408,1.7738081163238026,-0.7787590897780475,-0.299802719050718,-0.04155947232136296,-0.3275407345444462,-1.0023860516806629,-0.05090271652268703
967,1.0,0.0,-0.1522740277874877,0.07380396305229385,-0.3358051151451069,-0.06032236684187633,-0.27439255569134613,2.1940199529050526,-0.37759178171524216,-0.17975335288937108,-0.8536288112080553,-0.7461345481654177,-0.586880380686636,-0.299802719050718,-0.04155947232136296,-0.3275407345444462,-0.05240677474062211,-0.05090271652268703
968,1.0,0.0,-0.1522740277874877,-0.20961724273633234,-0.3358051151451069,-0.06032236684187633,-0.27439255569134613,2.2581714997873563,-0.5659752215836584,-0.2879542753536865,-0.7872873754703518,-0.6336098017488443,-0.5781504617996752,-0.299802719050718,-0.04155947232136296,-0.3275407345444462,1.4220484268734053,-0.05090271652268703
969,0.0,0.0,-0.1522740277874877,-1.3033412866981198,-0.3358051151451069,-0.06032236684187633,-0.27439255569134613,-0.7500087964872039,1.894717760963276,0.9088443156855931,3.656345156026694,-0.866733300309617,0.041627459565183496,-0.299802719050718,-0.04155947232136296,-0.3275407345444462,-0.0909648345698775,-0.05090271652268703
970,1.0,0.0,-0.1522740277874877,1.284632641500466,0.3976262402843288,-0.06032236684187633,-0.9838048039109349,0.7592877702551182,1.1121484790552212,-0.24166962222055166,-0.3975185498896355,-0.7013458387190094,-0.8117179340313699,-0.19402454917015216,-0.04155947232136296,1.1440750228101426,-0.2121052895230227,-0.05090271652268703
971,0.0,0.0,-0.1522740277874877,-0.3451151290122797,-0.3358051151451069,-0.06032236684187633,-0.27439255569134613,0.3311156401077993,-0.7559546483361173,0.19491344920139458,1.412407532235802,1.5015536628815331,-0.7517591343526748,-0.299802719050718,-0.04155947232136296,-0.3275407345444462,-1.0029367064767154,-0.05090271652268703
972,0.0,0.0,-0.1522740277874877,-0.21437326058387332,1.13036932331365,-0.06032236684187633,-0.274352511812513,-0.8537375998092389,-0.647799452155774,-0.3015588840378278,-0.25620052119000486,1.1645050984918068,0.6458017609252795,-0.9312761849732601,-0.04155947232136296,0.6558454116472754,1.120970531388035,-0.05090271652268703
973,1.0,0.0,-0.1522740277874877,-0.3162362762000624,0.8374410910206089,-0.06032236684187633,-1.1099469206261445,0.6084966452706049,1.2870841402451156,-0.2963633070206598,-0.2847957330461034,-0.467565927185019,-0.9483294423799868,-0.24779194979245073,-0.04155947232136296,4.8628219860256525,-0.30094033926474845,-0.05090271652268703
974,1.0,0.0,-0.1522740277874877,0.028081237449711985,-0.3358051151451069,-0.06032236684187633,-0.27439255569134613,-0.5991508154110747,-0.639781473446898,0.6412553946029738,-0.12222765231149492,-0.5549690756517421,-0.5460098272581296,-0.299802719050718,-0.04155947232136296,-0.3275407345444462,-0.7031707230178409,-0.05090271652268703
975,1.0,0.0,-0.1522740277874877,0.45259285755604917,-0.3358051151451069,-0.06032236684187633,-0.27439255569134613,-0.7298775388119053,-0.4846734592242961,-0.7847754365051847,0.03687326266181279,-0.6061704044212992,-0.5126159075825067,-0.299802719050718,-0.04155947232136296,-0.3275407345444462,0.3023045086901172,-0.05090271652268703
976,1.0,0.0,-0.1522740277874877,-0.3162362762000624,-0.31915878169696604,-0.06032236684187633,-0.13270245939024722,-0.604496765261724,-0.5627763237900697,-0.2963633070206598,-0.2847957330461034,-0.6011655890080286,-0.5718938184793849,-0.5351216572506189,-0.04155947232136296,1.0090485829916664,-0.30094033926474845,-0.05090271652268703
977,1.0,0.0,-0.1522740277874877,-0.3162362762000624,-1.022118086651039,-0.06032236684187633,0.9988023142919186,-0.6662111704295043,0.5871540602580518,-0.2963633070206598,-0.2847957330461034,-0.8629084465290673,1.2864691150721583,0.8141974366814199,-0.04155947232136296,-0.17850801698883956,-0.30094033926474845,-0.05090271652268703
978,0.0,0.0,-0.1522740277874877,0.5538486737376297,-0.3358051151451069,-0.06032236684187633,-0.27439255569134613,2.0994796218367555,-0.21570047005935794,-0.18412209806314356,-0.8894734466542257,-0.7744430187505021,-0.6885274996049084,-0.299802719050718,-0.04155947232136296,-0.3275407345444462,3.5346853034213344,-0.05090271652268703
979,1.0,0.0,-0.1522740277874877,-0.3162362762000624,-0.029658872844518576,-0.06032236684187633,-0.2929795251915593,-0.8283552459259116,-0.6915701334359313,-0.2963633070206598,-0.2847957330461034,1.2388209593618098,0.5566327626978752,-0.9057705466200864,-0.04155947232136296,0.8563605903627981,-0.30094033926474845,-0.05090271652268703
1022,1.0,0.0,-0.1522740277874877,0.8114854214811099,-0.3358051151451069,-0.06032236684187633,-0.27439255569134613,2.046137967994886,-0.1640655176140078,-0.25225995108859417,-0.9761465890746678,-0.7946476476350437,-0.6285515183109621,-0.299802719050718,-0.04155947232136296,-0.3275407345444462,0.5547196844617938,-0.05090271652268703
1023,1.0,0.0,-0.1522740277874877,-1.1272908918902125,-0.3358051151451069,-0.06032236684187633,-0.27439255569134613,-0.8004139953416645,1.9456593774698927,0.768053435079221,0.16082189090500282,-0.6764804259725002,-0.060204600762736274,-0.299802719050718,-0.04155947232136296,-0.3275407345444462,-0.3316424563997591,-0.05090271652268703
1024,0.0,0.0,-0.1522740277874877,-0.2142310958902206,-0.3358051151451069,-0.06032236684187633,-0.27439255569134613,2.248482787541934,-0.5014753619711576,-0.1425828699118535,-1.0277890890645554,-0.681213711454023,-0.5824303060124949,-0.299802719050718,-0.04155947232136296,-0.3275407345444462,0.39415492361139925,-0.05090271652268703
1025,1.0,0.0,-0.1522740277874877,0.6942134352756849,-0.3358051151451069,-0.06032236684187633,-0.27439255569134613,-0.6271259290777385,-0.7267188770167121,-0.9687081507120188,-0.21458196984334613,-0.38231159849783264,2.173144258314364,-0.299802719050718,-0.04155947232136296,-0.3275407345444462,0.11596497138365187,-0.05090271652268703
1026,1.0,0.0,-0.1522740277874877,-0.3162362762000624,1.261647352782857,-0.06032236684187633,-0.703770163539905,-0.439747138631111,2.1764327608960996,-0.2963633070206598,-0.2847957330461034,-0.5885650992379338,-0.691615436364615,-0.21429557344419126,-0.04155947232136296,-0.23129470302036853,-0.30094033926474845,-0.05090271652268703
1027,1.0,0.0,-0.1522740277874877,-0.38196756592211356,-0.3358051151451069,-0.06032236684187633,-0.27439255569134613,0.060921190180361684,-0.6809155110076898,0.1995772161441237,1.1687527080391544,1.7422711227949494,-0.7781009167716901,-0.299802719050718,-0.04155947232136296,-0.3275407345444462,-1.0013120863211926,-0.05090271652268703
1028,0.0,0.0,-0.1522740277874877,-1.2302965039358074,-0.3358051151451069,-0.06032236684187633,-0.27439255569134613,-0.6677976175822804,2.227458053978188,-0.16018543003044428,0.9752725925846197,-0.6256804429446207,-0.48985198881872205,-0.299802719050718,-0.04155947232136296,-0.3275407345444462,-0.11593961230603106,-0.05090271652268703
1029,1.0,0.0,-0.1522740277874877,1.6478314144853612,-0.3111822742509842,-0.06032236684187633,-1.1480242737079036,1.2558086341523396,0.6266791117113141,-0.08987482287612635,-0.6122497475782055,-0.7849876478099049,-0.7470616095952664,-0.20686167389657598,-0.04155947232136296,0.7926076502895473,-0.16235980011146972,-0.05090271652268703
1030,0.0,0.0,-0.1522740277874877,-1.2307916555859015,-0.3358051151451069,-0.06032236684187633,-0.27439255569134613,-0.7206638010551014,2.1882226716258906,-0.05361889440916067,0.7230694564878747,-0.6375969661389824,-0.3911024478945973,-0.299802719050718,-0.04155947232136296,-0.3275407345444462,-0.023298368830846447,-0.05090271652268703
1031,0.0,0.0,-0.1522740277874877,-1.0402329157402967,-0.3358051151451069,-0.06032236684187633,-0.27439255569134613,-0.8020960046146436,1.679151216689392,1.2305395711136138,0.10426413777530148,-0.7339714386443796,0.22447444288226914,-0.299802719050718,-0.04155947232136296,-0.3275407345444462,0.1499365230795192,-0.05090271652268703
1032,0.0,0.0,-0.1522740277874877,1.0661461060540023,-0.3358051151451069,-0.06032236684187633,-0.27439255569134613,-0.6020732095073879,-0.6044724808493109,-0.947737562587581,-0.19061092192613577,-0.5903397321711763,2.2527956345955285,-0.299802719050718,-0.04155947232136296,-0.3275407345444462,-0.2618970815265615,-0.05090271652268703
1033,0.0,0.0,-0.1522740277874877,-1.2298259569400571,-0.3358051151451069,-0.06032236684187633,-0.27439255569134613,-0.7295370367500532,2.1743160684494605,-0.0038350051708150625,2.4074034768512393,-0.6639002454308913,-0.359270413735132,-0.299802719050718,-0.04155947232136296,-0.3275407345444462,-0.19355735077145333,-0.05090271652268703
1034,0.0,0.0,-0.1522740277874877,-0.3162362762000624,1.5956603068263917,-0.06032236684187633,-1.042510786144199,0.2179270807419791,1.6215039613595614,-0.2963633070206598,-0.2847957330461034,-0.6297319609652036,-0.8347834257710923,-0.3392744579177161,-0.04155947232136296,0.27726496236621845,-0.30094033926474845,-0.05090271652268703
1035,0.0,0.0,-0.1522740277874877,1.52844981114006,-0.2489383674162174,-0.06032236684187633,-1.186382017897597,1.1326765301083295,0.7531042130322034,-0.21002157760972473,-0.6762490555077395,-0.7414056843570691,-0.7914538693225474,-0.2566005346542361,-0.04155947232136296,2.0320435241645733,-0.19310410300229247,-0.05090271652268703
1036,0.0,0.0,-0.1522740277874877,0.9843658916801629,-0.3358051151451069,-0.06032236684187633,-0.27439255569134613,-0.6041817938393265,-0.6217028928154567,-0.9616455547609382,-0.1811711383608864,-0.5754801272136753,2.2516228174791313,-0.299802719050718,-0.04155947232136296,-0.3275407345444462,-0.2642480743970332,-0.05090271652268703
1037,1.0,0.0,-0.1522740277874877,-0.7697377855399251,-0.3358051151451069,-0.06032236684187633,-0.27439255569134613,-0.8117684520938735,1.4524390304256083,1.259680617154862,-0.15859062062831777,-0.7343582452244956,0.44202850795976584,-0.299802719050718,-0.04155947232136296,-0.3275407345444462,-0.1522878366067372,-0.05090271652268703
1038,1.0,0.0,-0.1522740277874877,-0.09102376305865252,-0.3358051151451069,-0.06032236684187633,-0.27439255569134613,-0.7701212668531242,-0.7652845667006871,-0.7081574528888146,-0.22648901412641384,0.46504372331629534,1.387428317635468,-0.299802719050718,-0.04155947232136296,-0.3275407345444462,1.5330144839167077,-0.05090271652268703
1039,0.0,0.0,-0.1522740277874877,-0.15629193339029657,-0.09816808030567889,-0.06032236684187633,0.23205831979576033,1.018816910838274,-0.9807216983426477,-0.2054098523364069,1.0483750195247086,0.8405751046334067,-0.4562419405309593,7.9093222771101654,-0.04155947232136296,-0.98313860360453,-1.2717128151352626,-0.05090271652268703
1040,1.0,0.0,-0.1522740277874877,-0.1504255482978796,1.8551114501608916,-0.06032236684187633,-0.10524315751284957,-0.7932192029023244,-0.7386919146319284,-0.6709963949531782,-0.18700171499042598,0.6187438670989732,1.228136776130778,-0.8620469755573026,-0.04155947232136296,-0.2938315618637324,1.4024248644364004,-0.05090271652268703
1041,0.0,0.0,-0.1522740277874877,-0.3162362762000624,1.0153086080312688,-0.06032236684187633,-1.0243215662272311,0.5126305768800811,1.3540363260359929,-0.2963633070206598,-0.2847957330461034,-0.6328515774459873,-0.8451096805312238,-0.32664993998640984,-0.04155947232136296,1.2802737570341258,-0.30094033926474845,-0.05090271652268703
1042,0.0,0.0,-0.1522740277874877,-0.3162362762000624,-0.40117649517874376,-0.06032236684187633,1.6411007584975743,1.5928439187749954,-0.844563756486007,-0.2963633070206598,-0.2847957330461034,0.2250970872458267,-0.590182441407655,0.4006046257949577,-0.04155947232136296,-0.9881069063213106,-0.30094033926474845,-0.05090271652268703
1043,1.0,0.0,-0.1522740277874877,-0.3162362762000624,-0.30803556367120255,-0.06032236684187633,1.2586277814600917,1.413946368905319,-0.9532058532921187,-0.2963633070206598,-0.2847957330461034,0.4340258315292937,-0.40501971537651194,3.767084457864212,-0.04155947232136296,-1.1578888274555315,-0.30094033926474845,-0.05090271652268703
1044,1.0,0.0,-0.1522740277874877,-0.9501516646187549,-0.3358051151451069,-0.06032236684187633,-0.27439255569134613,-0.5872713013924233,-0.5357138900145871,-0.2656172796833425,1.6406425115340464,-0.6496158499423612,-0.5727361562315173,-0.299802719050718,-0.04155947232136296,-0.3275407345444462,-0.08889742803023382,-0.05090271652268703
1045,1.0,0.0,-0.1522740277874877,-0.8997897841994914,-0.3358051151451069,-0.06032236684187633,-0.27439255569134613,-0.5683176468281341,-0.5327029173419209,-0.22982709013276245,2.8770396249876034,-0.7111353237007334,-0.5591854001982254,-0.299802719050718,-0.04155947232136296,-0.3275407345444462,0.032596790249565556,-0.05090271652268703
1046,1.0,0.0,-0.1522740277874877,-0.3162362762000624,1.2423375921457116,-0.06032236684187633,0.21109472566071213,-0.6469909500009814,-0.49372801717258774,-0.2963633070206598,-0.2847957330461034,-0.6284507127455388,-0.5450283967163585,-0.7554060292014855,-0.04155947232136296,-0.20973349103510328,-0.30094033926474845,-0.05090271652268703
1047,1.0,0.0,-0.1522740277874877,-1.0276675027456483,-0.3358051151451069,-0.06032236684187633,-0.27439255569134613,-0.7687931398650234,2.099422430177463,0.32796125975137613,1.0071135553368624,-0.6628265719581946,-0.2466117313098883,-0.299802719050718,-0.04155947232136296,-0.3275407345444462,-0.15997631088566727,-0.05090271652268703
1048,0.0,0.0,-0.1522740277874877,0.34481324048814577,-0.3358051151451069,-0.06032236684187633,-0.27439255569134613,2.1423799153323393,-0.27678124739709764,-0.18947597680959036,-0.8762068448936723,-0.7629546714567564,-0.6723455258786216,-0.299802719050718,-0.04155947232136296,-0.3275407345444462,3.9383532850518344,-0.05090271652268703
1049,1.0,0.0,-0.1522740277874877,-0.3600523030672569,-0.3358051151451069,-0.06032236684187633,-0.27439255569134613,0.20334887683309188,-0.6776292436874208,-0.12969546804458,1.3560272310614443,1.606145306352135,-0.7919043648660841,-0.299802719050718,-0.04155947232136296,-0.3275407345444462,-0.8465746569556873,-0.05090271652268703
1092,1.0,0.0,-0.1522740277874877,-0.1731939037237985,-0.3358051151451069,-0.06032236684187633,-0.27439255569134613,-0.35354553658947113,-0.6130400667685483,0.6372992620202187,0.1380048819542159,2.071524491197208,-0.7155876215265188,-0.299802719050718,-0.04155947232136296,-0.3275407345444462,-1.1098361507870604,-0.05090271652268703
1093,1.0,0.0,-0.1522740277874877,-0.3069123851213477,-0.3358051151451069,-0.06032236684187633,-0.27439255569134613,0.47194151690173297,-0.7284818300080332,-0.15412342203389562,1.4131620748760614,1.339376396699079,-0.7681168504343626,-0.299802719050718,-0.04155947232136296,-0.3275407345444462,-0.7502915127956247,-0.05090271652268703
1094,0.0,0.0,-0.1522740277874877,-0.22722372170734195,0.4259667754889082,-0.06032236684187633,-0.12425755245783558,-0.7741042982249816,-0.7617711443473649,-0.5368073142636265,0.08408669151299333,0.6074213454120541,1.2180895526167035,-1.0824553529504082,-0.04155947232136296,-0.28582419891164995,1.426168004784151,-0.05090271652268703
1095,1.0,0.0,-0.1522740277874877,-0.3162362762000624,-0.5987928947439648,-0.06032236684187633,-0.16162469685467495,-0.5973119418735308,-0.3233265208249087,-0.2963633070206598,-0.2847957330461034,-0.7741786590085442,2.117728291374757,1.2773109953779567,-0.04155947232136296,-0.26371878266374715,-0.30094033926474845,-0.05090271652268703
1096,1.0,0.0,-0.1522740277874877,-1.1648146008169538,-0.3358051151451069,-0.06032236684187633,-0.27439255569134613,-0.7808464091945986,1.6840413026169156,1.2129175311219509,0.4985359004493593,-0.7700469545367074,0.23517618226164014,-0.299802719050718,-0.04155947232136296,-0.3275407345444462,-0.3382746319384326,-0.05090271652268703
1097,1.0,0.0,-0.1522740277874877,-0.3046546069018624,-0.3186240585733742,-0.06032236684187633,0.7124309442711819,1.1965682582331514,-0.8218510872539994,-0.2206774818976205,1.0049673070088254,0.608670757452905,-0.6643334185559318,0.6565944698186665,-0.04155947232136296,-1.1013439585234766,-0.3206126401326042,-0.05090271652268703
1098,0.0,0.0,-0.1522740277874877,-0.3162362762000624,1.0831835456848342,-0.06032236684187633,-1.0935069319774042,0.4967464110369382,1.346997286647855,-0.2963633070206598,-0.2847957330461034,-0.6812316600817091,-0.8265483191423401,0.09998111422168557,-0.04155947232136296,0.41555349597257885,-0.30094033926474845,-0.05090271652268703
1099,1.0,0.0,-0.1522740277874877,0.3075711980444825,-0.3358051151451069,-0.06032236684187633,-0.27439255569134613,-0.6732169081050376,-0.7861047891715169,-0.8958408053717227,-0.1092001481578706,-0.07901816638682431,1.9310156530089033,-0.299802719050718,-0.04155947232136296,-0.3275407345444462,1.0674683864713779,-0.05090271652268703
1100,0.0,0.0,-0.1522740277874877,0.9611097331879462,-0.3358051151451069,-0.06032236684187633,-0.27439255569134613,-0.6193370172068722,-0.6936868475485153,-0.98081303365311,-0.052005215475623576,-0.460385227372243,2.2161635274301354,-0.299802719050718,-0.04155947232136296,-0.3275407345444462,-0.07113086604573435,-0.05090271652268703
1101,0.0,0.0,-0.1522740277874877,0.2546419929484162,-0.3358051151451069,-0.06032236684187633,-0.27439255569134613,-0.7110103422859314,-0.787595064005555,-0.859569220333995,0.11715486556955636,0.09623237867858764,1.7653549916148321,-0.299802719050718,-0.04155947232136296,-0.3275407345444462,1.4477547086574822,-0.05090271652268703
1102,0.0,0.0,-0.1522740277874877,-1.0202933157296141,-0.3358051151451069,-0.06032236684187633,-0.27439255569134613,-0.8054983371769732,1.6790565127833943,1.2281196527409792,0.040948038571847485,-0.7273332541971325,0.22307907745518507,-0.299802719050718,-0.04155947232136296,-0.3275407345444462,0.14900473431441047,-0.05090271652268703
1103,0.0,0.0,-0.1522740277874877,-0.3162362762000624,0.03771065255337584,-0.06032236684187633,-0.2844524894310572,-0.8445917141365584,-0.5419883782945408,-0.2963633070206598,-0.2847957330461034,1.8115630082783702,-0.05490396567925185,-0.9838769909394839,-0.04155947232136296,1.5444594659075075,-0.30094033926474845,-0.05090271652268703
1104,0.0,0.0,-0.1522740277874877,-0.3162362762000624,0.004541662089866186,-0.06032236684187633,-0.2652325919485344,-0.8452888144348304,-0.5806146187355342,-0.2963633070206598,-0.2847957330461034,1.75186530169368,0.011642271387833098,-0.886868713738869,-0.04155947232136296,1.585348563661408,-0.30094033926474845,-0.05090271652268703
1105,0.0,0.0,-0.1522740277874877,-0.3162362762000624,1.1845147056704437,-0.06032236684187633,-0.3641357431208841,-0.5601760396765655,2.2290094341137956,-0.2963633070206598,-0.2847957330461034,-0.6092332580258966,-0.614107964456719,-0.2495913121007596,-0.04155947232136296,-0.27822005813585043,-0.30094033926474845,-0.05090271652268703
1106,0.0,0.0,-0.1522740277874877,-0.3162362762000624,1.6681017163923855,-0.06032236684187633,-0.9291363953376729,0.10283756158127762,1.7225378425603208,-0.2963633070206598,-0.2847957330461034,-0.6431251233721057,-0.8185156046921189,-0.06947298135831238,-0.04155947232136296,-0.04700649742726294,-0.30094033926474845,-0.05090271652268703
1107,1.0,0.0,-0.1522740277874877,-0.1677123421052054,-0.3358051151451069,-0.06032236684187633,-0.27439255569134613,-0.44170729437451184,-0.5926452671425645,-0.08052689325512674,-0.08602764975348264,2.1145251121234896,-0.6858020592039998,-0.299802719050718,-0.04155947232136296,-0.3275407345444462,-0.9230032898802727,-0.05090271652268703
1108,1.0,0.0,-0.1522740277874877,-0.3162362762000624,-1.0108180548419936,-0.06032236684187633,0.39752089808370417,-0.6383746630723546,0.30593844615466187,-0.2963633070206598,-0.2847957330461034,-0.8657245105604072,1.559322585345722,1.3513490316231318,-0.04155947232136296,-0.3525373661513932,-0.30094033926474845,-0.05090271652268703
1109,0.0,0.0,-0.1522740277874877,2.3934616025441673,-0.3358051151451069,-0.06032236684187633,-0.27439255569134613,-0.9120741382438545,-0.6966865508309344,-1.2261779768461194,-0.08628881634805481,0.19791466724705237,1.709189850826696,-0.299802719050718,-0.04155947232136296,-0.3275407345444462,1.5067740661814546,-0.05090271652268703
1110,1.0,0.0,-0.1522740277874877,1.8659073006288383,-0.3358051151451069,-0.06032236684187633,-0.27439255569134613,-0.616621002381511,-0.6663141977259214,-0.8042532940392204,-0.1390240652835721,-0.5023532839803151,2.2363018699547617,-0.299802719050718,-0.04155947232136296,-0.3275407345444462,-0.187330261790161,-0.05090271652268703
1111,0.0,0.0,-0.1522740277874877,0.9813413851693925,-0.3358051151451069,-0.06032236684187633,-0.27439255569134613,1.9955866923458228,-0.09135035470190007,-0.30997771186131556,-0.8906477697608017,-0.7976302642550687,-0.6739133304728457,-0.299802719050718,-0.04155947232136296,-0.3275407345444462,1.430525092911627,-0.05090271652268703
1112,0.0,0.0,-0.1522740277874877,-0.35254952882991103,-0.3358051151451069,-0.06032236684187633,-0.27439255569134613,-0.0743978463011302,-0.6709454108472822,0.6629162317339209,0.8575396465918805,1.8679057052785064,-0.768643261728534,-0.299802719050718,-0.04155947232136296,-0.3275407345444462,-0.9555961377992244,-0.05090271652268703
1113,1.0,0.0,-0.1522740277874877,-0.9740447613323049,-0.3358051151451069,-0.06032236684187633,-0.27439255569134613,-0.6526057663403343,2.23314451599592,-0.21677910833668873,8.065777677123533,-0.6519909889641581,-0.5056072251166629,-0.299802719050718,-0.04155947232136296,-0.3275407345444462,-0.1487318767907702,-0.05090271652268703
1114,1.0,0.0,-0.1522740277874877,-0.3162362762000624,-0.7322658722078903,-0.06032236684187633,0.7645707593714007,-0.509337550599678,-0.5650666170457255,-0.2963633070206598,-0.2847957330461034,-0.6508635200647378,-0.5815608322077703,-0.06611879147433959,-0.04155947232136296,-0.008502685658801126,-0.30094033926474845,-0.05090271652268703
1115,1.0,0.0,-0.1522740277874877,-0.3162362762000624,-0.25636020037927587,-0.06032236684187633,-0.19793855121501444,-0.5995532542267187,-0.5621777767766124,-0.2963633070206598,-0.2847957330461034,-0.5958402817828552,-0.5738672794916545,-0.5807651399769655,-0.04155947232136296,1.0786264689315979,-0.30094033926474845,-0.05090271652268703
1116,1.0,0.0,-0.1522740277874877,-0.3162362762000624,1.1115741536354296,-0.06032236684187633,-0.5122881158429866,-0.5961443850146412,-0.5699122454941198,-0.2963633070206598,-0.2847957330461034,-0.5963792497976189,-0.579119231912912,-0.1988515492730469,-0.04155947232136296,-0.31491198967702266,-0.30094033926474845,-0.05090271652268703
1117,1.0,0.0,-0.1522740277874877,-0.19428341378501304,1.3764554571506895,-0.06032236684187633,-0.1321358918813528,-0.833795698172083,-0.6934514809589353,-0.4672693346562085,-0.15433781029035598,0.9306418148238226,0.89037129809942,-0.9173463645611107,-0.04155947232136296,0.18157142794135633,1.1699146972507852,-0.05090271652268703
1118,0.0,0.0,-0.1522740277874877,-0.3162362762000624,-0.19750427788984215,-0.06032236684187633,-0.07565982063323798,-0.7454016067180288,-0.5318970523224348,-0.2963633070206598,-0.2847957330461034,2.075188789430931,-0.38746166291280704,-0.9459677341586826,-0.04155947232136296,1.1851643284172877,-0.30094033926474845,-0.05090271652268703
1119,1.0,0.0,-0.1522740277874877,-0.29884268021049626,-0.3358051151451069,-0.06032236684187633,-0.27439255569134613,-0.21111927762891447,-0.6198081444789643,-0.029473084089974483,0.5054036038900087,1.971116535766741,-0.7600976756191233,-0.299802719050718,-0.04155947232136296,-0.3275407345444462,-0.9283450073626193,-0.05090271652268703
1162,1.0,0.0,-0.1522740277874877,-0.3162362762000624,-0.9543520738994751,-0.06032236684187633,0.055953639444702136,-0.6182822301879799,0.0712802747060774,-0.2963633070206598,-0.2847957330461034,-0.8435153999259241,1.7753595541023302,1.5557890709498712,-0.04155947232136296,-0.33754001908658093,-0.30094033926474845,-0.05090271652268703
1163,1.0,0.0,-0.1522740277874877,-0.3162362762000624,1.1348243020132653,-0.06032236684187633,-1.0686344201374678,0.4559234527792983,1.3869893590060214,-0.2963633070206598,-0.2847957330461034,-0.6933424774562807,-0.8134246162885818,-0.3400703714483524,-0.04155947232136296,0.135015707139613,-0.30094033926474845,-0.05090271652268703
1164,0.0,0.0,-0.1522740277874877,-0.3162362762000624,1.6737403684024172,-0.06032236684187633,-0.7816494675145554,-0.04368399257697602,1.8568177845099825,-0.2963633070206598,-0.2847957330461034,-0.6400964433837334,-0.8026151342335817,0.1417863047106671,-0.04155947232136296,-0.17857566272621272,-0.30094033926474845,-0.05090271652268703
1165,1.0,0.0,-0.1522740277874877,-0.06587046173020052,-0.3358051151451069,-0.06032236684187633,-0.27439255569134613,-0.7372475846597155,-0.7814282587439351,-0.7283421488592078,-0.3061181765859185,0.3461968289574213,1.5041850849764986,-0.299802719050718,-0.04155947232136296,-0.3275407345444462,1.5945411842058632,-0.05090271652268703
1166,1.0,0.0,-0.1522740277874877,-0.1425695249354106,-0.3358051151451069,-0.06032236684187633,-0.27439255569134613,2.232418736132751,-0.44353602458121416,-0.20884224245628763,-1.0331697047901605,-0.705131198145336,-0.6065628345968469,-0.299802719050718,-0.04155947232136296,-0.3275407345444462,2.892767853459013,-0.05090271652268703
1167,1.0,0.0,-0.1522740277874877,-0.3162362762000624,0.49248011960276133,-0.06032236684187633,-0.3093158966538716,-0.8478918412679671,-0.6528084159272479,-0.2963633070206598,-0.2847957330461034,1.2786530045981461,0.5118451671982998,-1.0205584086636383,-0.04155947232136296,0.9563813868515223,-0.30094033926474845,-0.05090271652268703
1168,0.0,0.0,-0.1522740277874877,-0.3162362762000624,-0.9381120400965033,-0.06032236684187633,0.025803372423572883,-0.6139591709976617,0.0348360308845219,-0.2963633070206598,-0.2847957330461034,-0.8517180483230979,1.8080310851179286,1.567184831901468,-0.04155947232136296,0.12570705318434724,-0.30094033926474845,-0.05090271652268703
1169,1.0,0.0,-0.1522740277874877,-0.3162362762000624,-0.39146771701402866,-0.06032236684187633,-0.1829397988463399,-0.5962723866451904,-0.525696757248177,-0.2963633070206598,-0.2847957330461034,-0.6690208095539558,2.2374416520432994,1.1047264150288325,-0.04155947232136296,-0.23653873984690374,-0.30094033926474845,-0.05090271652268703
1170,0.0,0.0,-0.1522740277874877,-0.3162362762000624,0.1483789013429732,-0.06032236684187633,1.8254566962413399,1.8734136286966867,-0.8178298897072075,-0.2963633070206598,-0.2847957330461034,-0.07617951785488203,-0.5872245718113541,-0.10423469674030608,-0.04155947232136296,-0.8359515197597176,-0.30094033926474845,-0.05090271652268703
1171,0.0,0.0,-0.1522740277874877,0.17338410706692917,-0.3358051151451069,-0.06032236684187633,-0.27439255569134613,0.09950207714381867,-0.6901878281351778,0.165750108918892,1.2492833125063803,1.7075780343635754,-0.7774917308258064,-0.299802719050718,-0.04155947232136296,-0.3275407345444462,-0.9908321033819665,-0.05090271652268703
1172,0.0,0.0,-0.1522740277874877,1.303558277139718,0.3363250968040171,-0.06032236684187633,-1.1566700410657158,0.7893049362395458,1.067293266286978,-0.1668062854398015,-0.3627732367559285,-0.725612249637715,-0.8008862833698507,0.0392744587053264,-0.04155947232136296,0.5960658697694665,-0.2818171507766896,-0.05090271652268703
1173,0.0,0.0,-0.1522740277874877,-0.13953854088213172,3.410292920623478,-0.06032236684187633,-0.12721843408343775,-0.829182924762349,-0.7035610369167039,-0.8027746572302739,-0.2505393761322355,0.6205340071558513,1.2246846334330168,-1.0825373216307383,-0.04155947232136296,-0.27900911385687155,1.423570230104717,-0.05090271652268703
1174,0.0,0.0,-0.1522740277874877,1.272573987279459,-0.3358051151451069,-0.06032236684187633,-0.27439255569134613,-0.6596509547579769,-0.755899413393823,-0.9491174027805307,-0.2756214058202249,-0.26311991428977055,2.091074048795839,-0.299802719050718,-0.04155947232136296,-0.3275407345444462,0.5626429608307837,-0.05090271652268703
1175,0.0,0.0,-0.1522740277874877,-0.3162362762000624,1.6027958079869709,-0.06032236684187633,-1.0523493938352642,0.18178422252208487,1.654599146687276,-0.2963633070206598,-0.2847957330461034,-0.6164312012464139,-0.8377439483577408,-0.324872896981273,-0.04155947232136296,0.2980861586083207,-0.30094033926474845,-0.05090271652268703
1176,0.0,0.0,-0.1522740277874877,-0.07044294250550875,-0.3358051151451069,-0.06032236684187633,-0.27439255569134613,-0.012098177443656122,-0.6665400009760281,0.15442729012129597,1.0378232187976282,1.8051558916829167,-0.7770915667636086,-0.299802719050718,-0.04155947232136296,-0.3275407345444462,-1.0138600445905552,-0.05090271652268703
1177,1.0,0.0,-0.1522740277874877,-0.5831085179038187,-0.948421917997569,-0.06032236684187633,0.04052457108975941,-0.7919566293155524,1.2088440397660603,1.1215424018138664,-0.18142694813573176,-0.7669145152561984,0.6762444712896984,-0.26345780401415675,-0.04155947232136296,-0.23803046585012208,-0.13018491803624505,-0.05090271652268703
1178,1.0,0.0,-0.1522740277874877,0.3110450430956523,-0.3358051151451069,-0.06032236684187633,-0.27439255569134613,-0.712799748416656,-0.7909016861731267,-0.8206048913954685,-0.3053654320158947,0.09747379629729741,1.767543268835869,-0.299802719050718,-0.04155947232136296,-0.3275407345444462,1.4386682093177683,-0.05090271652268703
1179,0.0,0.0,-0.1522740277874877,0.5727855148681523,-0.3358051151451069,-0.06032236684187633,-0.27439255569134613,2.1010132150196026,-0.2028006239665121,-0.11134666263072868,-0.9217398057882511,-0.7644973573697034,-0.7575410215278351,-0.299802719050718,-0.04155947232136296,-0.3275407345444462,6.696352715485731,-0.05090271652268703
1180,1.0,0.0,-0.1522740277874877,-0.18039945321607243,1.783765701537931,-0.06032236684187633,-0.09681250352602754,-0.8028995259586036,-0.7276288925411677,-0.6288270938300985,-0.1798815391947556,0.6960660946266004,1.1453006152680094,-0.8882572041244374,-0.04155947232136296,-0.24515599460547433,1.332094802152362,-0.05090271652268703
1181,0.0,0.0,-0.1522740277874877,-0.3162362762000624,-0.8401307212399927,-0.06032236684187633,-0.14608418208324145,-0.5680369421105523,-0.34429782647978496,-0.2963633070206598,-0.2847957330461034,-0.7671029637654415,2.1393359778556253,1.2257190135300011,-0.04155947232136296,-0.23759059170880034,-0.30094033926474845,-0.05090271652268703
1182,0.0,0.0,-0.1522740277874877,-0.3162362762000624,1.6289725214252908,-0.06032236684187633,-0.9134911970641584,-0.0674973034893163,1.8906458689042245,-0.2963633070206598,-0.2847957330461034,-0.6009607261968789,-0.8073876351931728,-0.28836140193677884,-0.04155947232136296,-0.04715581017462688,-0.30094033926474845,-0.05090271652268703
1183,1.0,0.0,-0.1522740277874877,-0.3162362762000624,-0.32740703921622816,-0.06032236684187633,1.586682673039502,1.5670687703002941,-0.9407274697673739,-0.2963633070206598,-0.2847957330461034,0.2770618169426053,-0.38823325117995316,2.564464655146449,-0.04155947232136296,-1.2852564076401656,-0.30094033926474845,-0.05090271652268703
1184,1.0,0.0,-0.1522740277874877,2.5149085274744527,-0.3358051151451069,-0.06032236684187633,-0.27439255569134613,-0.6210127377650309,-0.5792175056381282,-0.799464370507217,-0.14713628421170294,-0.6131358352805492,-0.5334269425943627,-0.299802719050718,-0.04155947232136296,-0.3275407345444462,-0.27925776532676594,-0.05090271652268703
1185,1.0,0.0,-0.1522740277874877,-0.28064038960874,0.02043654629817837,-0.06032236684187633,-0.18351931741338987,-0.6027664818870602,-0.681825467229624,-0.23310936656931894,1.0044612571840013,-0.5776772333245247,-0.3914997523671453,3.0756039464873153,-0.04155947232136296,-0.8508183929771487,-0.28675501116016333,-0.05090271652268703
1186,1.0,0.0,-0.1522740277874877,-0.27238958300439775,-0.3358051151451069,-0.06032236684187633,-0.27439255569134613,-0.5686602620085601,-0.5850653581745558,-0.18527510880665257,-0.817655598090684,-0.6081426718163444,-0.5866700078151772,-0.299802719050718,-0.04155947232136296,-0.3275407345444462,2.3662726969836045,-0.05090271652268703
1187,1.0,0.0,-0.1522740277874877,-0.2400002218365201,-0.18273484644252158,-0.06032236684187633,0.6766741490789955,1.1604266620489947,-0.831078909579213,-0.21430879565270985,1.0111816167401135,0.6549422607730576,-0.6587445847170995,1.0167298327851235,-0.04155947232136296,-0.9691073602629998,-0.3701019517796323,-0.05090271652268703
1188,0.0,0.0,-0.1522740277874877,-0.3162362762000624,1.2256732628747486,-0.06032236684187633,-0.882357672148613,-0.46266395461113813,2.190636612543299,-0.2963633070206598,-0.2847957330461034,-0.5740588464392945,-0.6882285567164389,-0.15818992894517808,-0.04155947232136296,-0.21378301077869152,-0.30094033926474845,-0.05090271652268703
1189,1.0,0.0,-0.1522740277874877,1.777118937967058,-0.3358051151451069,-0.06032236684187633,-0.27439255569134613,1.5824658679985444,0.31876390415783873,-0.3100198081027418,-0.7300715311427604,-0.8238840443360232,-0.6836456364627508,-0.299802719050718,-0.04155947232136296,-0.3275407345444462,-0.12756730213818254,-0.05090271652268703
1232,1.0,0.0,-0.1522740277874877,-0.23519065229294417,0.8074515422130517,-0.06032236684187633,-0.1451731946051221,-0.8169114144068386,-0.6994239562666866,-0.3978314391244753,-0.24141601628380402,0.9684762081545585,0.8412619592049054,-1.0817922772732291,-0.04155947232136296,0.23161878928791998,1.1658561944313788,-0.05090271652268703
1233,1.0,0.0,-0.1522740277874877,0.8974032967298106,-0.3358051151451069,-0.06032236684187633,-0.27439255569134613,2.0200165641269074,-0.13729838558372648,-0.30322287879802123,-0.9628792615085632,-0.8016034775996456,-0.6285773211116236,-0.299802719050718,-0.04155947232136296,-0.3275407345444462,0.24509075116286555,-0.05090271652268703
1234,0.0,0.0,-0.1522740277874877,0.3217385012580128,-0.3358051151451069,-0.06032236684187633,-0.27439255569134613,-0.6277950136302354,-0.7362001139614659,-0.9619590043417775,0.014189846701402348,-0.35610305554921307,2.155107548893844,-0.299802719050718,-0.04155947232136296,-0.3275407345444462,0.2203463745035915,-0.05090271652268703
1235,1.0,0.0,-0.1522740277874877,-0.3162362762000624,-0.8588088772126953,-0.06032236684187633,-0.04869208977098724,-0.6173016554017666,-0.03543001300501462,-0.2963633070206598,-0.2847957330461034,-0.8370038747911769,1.87282169471965,1.5396341027579128,-0.04155947232136296,-0.3390719476876503,-0.30094033926474845,-0.05090271652268703
1236,1.0,0.0,-0.1522740277874877,1.605987098734204,-0.3010162462612326,-0.06032236684187633,-1.1657998489217751,1.2206232313847396,0.6798249138348456,-0.2326710312880103,-0.8372386744864216,-0.7317637578444772,-0.798516665830572,-0.19929122155345408,-0.04155947232136296,3.1304372174731574,-0.11062280608672505,-0.05090271652268703
1237,1.0,0.0,-0.1522740277874877,0.338838207220901,-0.3358051151451069,-0.06032236684187633,-0.27439255569134613,2.140429547548625,-0.29003656235759057,-0.24988208376296886,-1.006441279199041,-0.7697060822276356,-0.6155480404163357,-0.299802719050718,-0.04155947232136296,-0.3275407345444462,0.8354804020399689,-0.05090271652268703
1238,0.0,0.0,-0.1522740277874877,-0.3162362762000624,1.1946000159488521,-0.06032236684187633,-0.35224144437421007,-0.5389055128104446,2.222399514636739,-0.2963633070206598,-0.2847957330461034,-0.6102253567709535,-0.6307797619706403,-0.18595782569372535,-0.04155947232136296,-0.3132252586593037,-0.30094033926474845,-0.05090271652268703
1239,1.0,0.0,-0.35819851087639193,-0.29925463472618047,-0.3034227844839662,13.89278533793881,1.2968840009958826,2.2574652172631815,-0.5862744032040833,-0.23307266757884246,-0.9750350586871,-0.615503321024681,-0.5756637136575082,-0.22550478490098355,0.4790905839554018,-0.31227402864139403,0.8256799294838822,-0.05090271652269052
1240,0.0,0.0,-0.3581985108763855,-0.299254634726179,-0.30342278448396504,20.404235600169795,1.2968840009958844,2.257465217263182,-0.586274403204083,-0.23307266757884193,-0.9750350586871003,-0.6155033210246809,-0.5756637136575081,-0.29980271905071787,0.47909058395539905,-0.31227402864139414,0.993150509973544,-0.05090271652268806
1241,0.0,0.0,-0.1522740277874877,-0.7728937291966869,-1.1716088274869103,-0.06032236684187633,1.4540583855947316,-0.7655639670387382,1.2465332727952079,1.1688348731348503,-0.1768435515818917,-0.7938219109939252,0.6426994184087058,-0.24542317337794822,-0.04155947232136296,-0.2197597899601423,0.12022046379063937,-0.05090271652268703
1242,0.0,0.0,-0.1522740277874877,0.44887987880711744,-0.3358051151451069,-0.06032236684187633,-0.27439255569134613,-0.6663601498615347,-0.7786647359313414,-0.914481421311413,0.08234161814787648,-0.1397616441072603,1.9890112810871163,-0.299802719050718,-0.04155947232136296,-0.3275407345444462,0.8984132283618909,-0.05090271652268703
1243,0.0,0.0,-0.1522740277874877,-0.3162362762000624,-0.4658513943902561,-0.06032236684187633,-0.22520241507546518,-0.5906763657456187,-0.5468068689197167,-0.2963633070206598,-0.2847957330461034,-0.6534798050270553,2.2443381243163816,1.095489150539338,-0.04155947232136296,-0.3112667720379594,-0.30094033926474845,-0.05090271652268703
1244,0.0,0.0,-0.1522740277874877,-0.27184017067623484,-0.3358051151451069,-0.06032236684187633,-0.27439255569134613,0.5187178622869344,-0.7632238804478301,-0.1097928622322699,1.398770244826574,1.2994293338523015,-0.7429727042579832,-0.299802719050718,-0.04155947232136296,-0.3275407345444462,-0.8435006661736739,-0.05090271652268703
1245,0.0,0.0,-0.1522740277874877,-0.3162362762000624,-0.9002786725655406,-0.06032236684187633,-0.06890270633258393,-0.5774930007266976,-0.16866813339877815,-0.2963633070206598,-0.2847957330461034,-0.8269028340127031,1.9946471614192611,1.4446891296480275,-0.04155947232136296,-0.2499424551856062,-0.30094033926474845,-0.05090271652268703
1246,0.0,0.0,-0.1522740277874877,0.8561924481679065,-0.3358051151451069,-0.06032236684187633,-0.27439255569134613,-0.6183003570926835,-0.6937366025248146,-0.9810170080669125,-0.11397814149482068,-0.4607011643588083,2.216174651598611,-0.299802719050718,-0.04155947232136296,-0.3275407345444462,-0.07729955119496604,-0.05090271652268703
1247,1.0,0.0,-0.1522740277874877,-0.3162362762000624,-0.1646589203327935,-0.06032236684187633,1.7584426743909796,1.9366811442955154,-0.7969490320925386,-0.2963633070206598,-0.2847957330461034,-0.13957759409450413,-0.6048124725933967,-0.17357064278217316,-0.04155947232136296,-0.6775112945669257,-0.30094033926474845,-0.05090271652268703
1248,1.0,0.0,-0.1522740277874877,1.3454978514358304,0.10223698963984465,-0.06032236684187633,-0.9746448272319104,0.9235417354351391,0.9526487489411951,-0.2147489318406794,-0.4741312047833543,-0.7341435077440606,-0.798029404615686,-0.2591709084288987,-0.04155947232136296,1.109155858813779,-0.23764325655217663,-0.05090271652268703
1249,0.0,0.0,-0.1522740277874877,0.02208204921947043,-0.3358051151451069,-0.06032236684187633,-0.27439255569134613,2.2099115876415554,-0.38267040235318245,-0.11585906495489723,-0.8620876747703418,-0.7276713520036348,-0.6823756796385857,-0.299802719050718,-0.04155947232136296,-0.3275407345444462,8.802148172344637,-0.05090271652268703
1250,1.0,0.0,-0.1522740277874877,-1.0399645478836348,-0.3358051151451069,-0.06032236684187633,-0.27439255569134613,-0.8028766221573398,1.756032187609067,1.1317569541571226,0.3178485632918042,-0.7284367294881186,0.15605130866225683,-0.299802719050718,-0.04155947232136296,-0.3275407345444462,-0.2890355536049949,-0.05090271652268703
1251,0.0,0.0,-0.1522740277874877,-1.0246741853005277,-0.3358051151451069,-0.06032236684187633,-0.27439255569134613,-0.7397905106096442,2.158793939807627,0.046090366254990515,2.101382870343254,-0.6652532872553408,-0.32587668218732674,-0.299802719050718,-0.04155947232136296,-0.3275407345444462,-0.2246193033271544,-0.05090271652268703
1252,0.0,0.0,-0.1522740277874877,-0.21932743662792614,-0.227395294164536,-0.06032236684187633,-0.09462982784098346,0.8345133288661172,-0.8018858302306318,-0.20617591013385136,1.1364510928213543,0.986438787000435,-0.698889631485611,1.7455974799389966,-0.04155947232136296,-0.9480653855245736,-0.6700082724041695,-0.05090271652268703
1253,1.0,0.0,-0.1522740277874877,1.4307908888972316,-0.11641401646053294,-0.06032236684187633,-0.9659507683266432,1.07000560479161,0.8533590060594829,-0.22696210250407153,-1.3301056289165967,-0.5723452412845241,-0.9398875596044627,-0.15156766058316276,-0.04155947232136296,8.298542557395482,-0.13247476187314192,-0.05090271652268703
1254,1.0,0.0,-0.1522740277874877,-0.21542159279929,2.102998101498149,-0.06032236684187633,-0.06399443880435049,-0.6538749340610867,-0.502322248498926,-0.4995360949486794,-0.17640462164351514,-0.6229529468631957,-0.5304127296253309,-0.8753077348621761,-0.04155947232136296,-0.2985871804564954,0.9952717186973076,-0.05090271652268703
1255,1.0,0.0,-0.1522740277874877,-0.3162362762000624,-0.6419447851745764,-0.06032236684187633,-0.19135176768898413,-0.5757068107630788,-0.5844809888616491,-0.2963633070206598,-0.2847957330461034,-0.6149754188294606,-0.5555548105834309,1.0688660553508282,-0.04155947232136296,-0.2585736112535923,-0.30094033926474845,-0.05090271652268703
1256,1.0,0.0,-0.1522740277874877,-0.3162362762000624,-0.01102058019481234,-0.06032236684187633,0.24320810240603005,-0.6241256249678585,-0.5110211924443366,-0.2963633070206598,-0.2847957330461034,-0.6207668895696468,-0.5654608307189282,-0.616625899434554,-0.04155947232136296,0.29209431416403503,-0.30094033926474845,-0.05090271652268703
1257,1.0,0.0,-0.1522740277874877,-0.2061552037338803,1.0987028865775808,-0.06032236684187633,-0.11439394822524682,-0.8479042727624488,-0.6692156145060633,-0.35386607478924376,-0.22282160311955454,1.0880032377891737,0.7235895071222251,-0.924260610792542,-0.04155947232136296,0.5303912355988398,1.128327287771691,-0.05090271652268703
1258,0.0,0.0,-0.1522740277874877,-0.3162362762000624,1.1981983518442951,-0.06032236684187633,-0.7206821424903918,-0.5116027720804268,2.2135073029602164,-0.2963633070206598,-0.2847957330461034,-0.5870004054586727,-0.6539148531026772,-0.19540294740634565,-0.04155947232136296,-0.22305925694018613,-0.30094033926474845,-0.05090271652268703
1259,1.0,0.0,-0.1522740277874877,1.3072961418022702,0.2043337643763297,-0.06032236684187633,-0.974220559594849,0.8373609027323792,1.026452541508325,-0.22969230270495844,-0.3295316145183673,-0.75547378845571,-0.7772983762069586,-0.24557406035266177,-0.04155947232136296,0.036727563247310316,-0.20884706536151873,-0.05090271652268703
1302,1.0,0.0,-0.1522740277874877,-0.23582431188953465,-0.1698291754583035,-0.06032236684187633,-0.07768550255035202,0.7936134679679621,-0.7750017315701674,-0.2211562855211485,1.184880988892,1.0164244839426633,-0.7221991124664175,0.9693686599900501,-0.04155947232136296,-1.153415973750263,-0.5819507864382323,-0.05090271652268703
1303,1.0,0.0,-0.1522740277874877,-0.3162362762000624,-0.7212035483449105,-0.06032236684187633,-0.1255404785925705,-0.6103268490250169,-0.17068001970400448,-0.2963633070206598,-0.2847957330461034,-0.8146063548117104,1.9939615778750928,1.4471766748956016,-0.04155947232136296,-0.28245732472132157,-0.30094033926474845,-0.05090271652268703
1304,0.0,0.0,-0.1522740277874877,-0.3162362762000624,-0.13983872567188987,-0.06032236684187633,1.353848012354112,2.222985553851981,-0.6723659118410287,-0.2963633070206598,-0.2847957330461034,-0.5120976235951662,-0.5727663287305753,-0.2777893566724553,-0.04155947232136296,-0.3945141636032177,-0.30094033926474845,-0.05090271652268703
1305,1.0,0.0,-0.1522740277874877,-0.3162362762000624,-0.17019455265495262,-0.06032236684187633,-0.2507642770107626,-0.8133560962572478,-0.594611692284232,-0.2963633070206598,-0.2847957330461034,1.8686191488268478,-0.12610167799687405,-0.7026833810962146,-0.04155947232136296,1.496712857149719,-0.30094033926474845,-0.05090271652268703
1306,1.0,0.0,-0.1522740277874877,-0.21691404672850148,-0.3358051151451069,-0.06032236684187633,-0.27439255569134613,-0.37538278645360296,-0.6342112663330137,2.121599011171423,0.020835637056025404,2.0885027958841107,-0.701471640881104,-0.299802719050718,-0.04155947232136296,-0.3275407345444462,-1.1193564635701205,-0.05090271652268703
1307,1.0,0.0,-0.1522740277874877,-0.012672333604206632,-0.3358051151451069,-0.06032236684187633,-0.27439255569134613,2.2085760002774713,-0.4014414868514587,-0.21780124429749984,-1.0284343641080556,-0.7322356990260007,-0.5993205036265568,-0.299802719050718,-0.04155947232136296,-0.3275407345444462,1.0185554900298566,-0.05090271652268703
1308,0.0,0.0,-0.1522740277874877,-1.0334465423125858,-0.3358051151451069,-0.06032236684187633,-0.27439255569134613,-0.8028581623215694,1.678511494094582,1.239516961825481,0.08370830137139162,-0.7332869679359412,0.22005622027971553,-0.299802719050718,-0.04155947232136296,-0.3275407345444462,0.14388470924384833,-0.05090271652268703
1309,1.0,0.0,-0.1522740277874877,1.3067896980243463,-0.3358051151451069,-0.06032236684187633,-0.27439255569134613,1.9016725633910505,-0.004591187118473229,-0.13566086556309803,-0.9285876300504825,-0.8134933675760634,-0.6532131996806094,-0.299802719050718,-0.04155947232136296,-0.3275407345444462,0.22496824436295762,-0.05090271652268703
1310,0.0,0.0,-0.1522740277874877,-0.3162362762000624,1.5234538889350453,-0.06032236684187633,-1.0117917628996147,0.25636065459284874,1.576323410564219,-0.2963633070206598,-0.2847957330461034,-0.6569770224800302,-0.8276649812782138,0.1305188447495633,-0.04155947232136296,0.10667487887635457,-0.30094033926474845,-0.05090271652268703
1311,0.0,0.0,-0.1522740277874877,0.12054451951865677,-0.16329877958444264,-0.06032236684187633,-0.16955893219984505,0.7108297098083811,-0.7785243254807107,-0.22244654270420278,1.2487042664645558,1.0984982911092744,-0.7294848943976905,1.1783918680793999,-0.04155947232136296,-1.1428903054991244,-0.656237847728702,-0.05090271652268703
1312,0.0,0.0,-0.1522740277874877,0.9804113471250803,-0.3358051151451069,-0.06032236684187633,-0.27439255569134613,-0.6122439001864096,-0.6676472595633568,-0.9810355251207342,-0.09397655378795244,-0.5033609516424435,2.235776354666842,-0.299802719050718,-0.04155947232136296,-0.3275407345444462,-0.157367124587484,-0.05090271652268703
1313,0.0,0.0,-0.1522740277874877,-0.3162362762000624,-0.3997665238263417,-0.06032236684187633,1.7891835537236782,1.705147886682465,-0.8544349192683535,-0.2963633070206598,-0.2847957330461034,0.10630602438567018,-0.5422462819744633,0.448165972940779,-0.04155947232136296,-1.0878841763935263,-0.30094033926474845,-0.05090271652268703
1314,0.0,0.0,-0.1522740277874877,-0.3162362762000624,1.3167801801433765,-0.06032236684187633,-0.6100508453977026,-0.3904925610607716,2.1445484802519306,-0.2963633070206598,-0.2847957330461034,-0.5988208982451181,-0.7206174853367708,-0.21136298403269885,-0.04155947232136296,-0.25549149730953835,-0.30094033926474845,-0.05090271652268703
1315,0.0,0.0,-0.1522740277874877,0.19679622385614934,-0.3358051151451069,-0.06032236684187633,-0.27439255569134613,-0.7588475520767187,-0.7686030531222395,-0.8491092831690813,-0.2861334800434295,0.27935630066947187,1.5838136174092927,-0.299802719050718,-0.04155947232136296,-0.3275407345444462,1.5877194008142284,-0.05090271652268703
1316,0.0,0.0,-0.1522740277874877,-0.3162362762000624,-0.16443445697471898,-0.06032236684187633,0.005935563397201396,-0.8270748484912105,-0.5973158454932881,-0.2963633070206598,-0.2847957330461034,1.8091349448948404,-0.0589020072663775,-0.7614873784138889,-0.04155947232136296,1.5482171250113912,-0.30094033926474845,-0.05090271652268703
1317,1.0,0.0,-0.1522740277874877,-0.2224107785050966,-0.3358051151451069,-0.06032236684187633,-0.27439255569134613,2.2485457573217325,-0.5020603280617336,-0.2046835765599745,-0.8301215344143732,-0.6824483280018172,-0.5765930083752012,-0.299802719050718,-0.04155947232136296,-0.3275407345444462,-0.025648526687001155,-0.05090271652268703
1318,1.0,0.0,-0.1522740277874877,-0.2135802909428808,-0.32372177883739256,-0.06032236684187633,-0.1669970655278362,0.6352536115732298,-0.7703422989753935,-0.1793895700475722,1.2940252743947496,1.184547408481528,-0.741108198686993,1.3798203916742724,-0.04155947232136296,-0.8860623408237213,-0.7266053134034605,-0.05090271652268703
1319,0.0,0.0,-0.1522740277874877,-0.3162362762000624,-1.6148305044429037,-0.06032236684187633,1.8226978772807103,-0.37213600372414224,0.1336612847487155,-0.2963633070206598,-0.2847957330461034,-0.9508572255248958,1.7489257266940632,1.5171371096587263,-0.04155947232136296,-0.09986969844829764,-0.30094033926474845,-0.05090271652268703
1320,1.0,0.0,-0.1522740277874877,0.8564050896061387,-0.3358051151451069,-0.06032236684187633,-0.27439255569134613,-0.6832502184315054,-0.7805720629826168,-0.836820667299221,-0.2462696818560303,-0.10353872777656752,1.9636320711954158,-0.299802719050718,-0.04155947232136296,-0.3275407345444462,0.9612718959879776,-0.05090271652268703
1321,0.0,0.0,-0.1522740277874877,-0.3162362762000624,1.6272696217062532,-0.06032236684187633,-1.017517006862592,-0.06577832002174942,1.8924883252821538,-0.2963633070206598,-0.2847957330461034,-0.5813366006191433,-0.811161686137585,-0.28121114168052036,-0.04155947232136296,0.028085933266839266,-0.30094033926474845,-0.05090271652268703
1322,0.0,0.0,-0.1522740277874877,-0.3162362762000624,-0.38062621305862027,-0.06032236684187633,1.7958062783599253,1.7394870142414447,-0.8376537808365276,-0.2963633070206598,-0.2847957330461034,0.0760292908105902,-0.5745312585731044,0.17714729762591674,-0.04155947232136296,-0.9674151061029691,-0.30094033926474845,-0.05090271652268703
1323,1.0,0.0,-0.1522740277874877,-1.5427591215285545,-1.005150020410049,-0.06032236684187633,9.01619380629584,-0.5440888026921604,1.0221627496291106,0.9817909077138766,-0.15545977807546837,-0.9739910268352996,0.905882984166888,-0.04737975173064544,-0.04155947232136296,-0.17896784213382755,-0.22118840904914236,-0.05090271652268703
1324,1.0,0.0,-0.1522740277874877,-0.3162362762000624,1.0556809702339995,-0.06032236684187633,0.05501782797455308,-0.642183383355711,-0.4947523681441199,-0.2963633070206598,-0.2847957330461034,-0.6225758231494124,-0.5477676673606638,-0.7216136878532814,-0.04155947232136296,-0.19101892973499937,-0.30094033926474845,-0.05090271652268703
1325,1.0,0.0,-0.1522740277874877,5.205099481933198,-0.3358051151451069,-0.06032236684187633,-0.27439255569134613,-0.6636807181083337,-0.5727639748426923,-0.7918937101574713,-0.06327902745434386,-0.6010090184349702,-0.5333430854057636,-0.299802719050718,-0.04155947232136296,-0.3275407345444462,-0.27214438248464357,-0.05090271652268703
1326,1.0,0.0,-0.1522740277874877,-0.27162846479307645,0.0694596016664275,-0.06032236684187633,-0.18326525962071707,-0.6137552887744943,-0.6364994465880811,-0.2917856883355585,0.9969069753362362,-0.5807724647010248,-0.4844681781313283,1.4444359526140598,-0.04155947232136296,-0.8486182545523383,-0.40941548866206046,-0.05090271652268703
1327,1.0,0.0,-0.1522740277874877,-0.07945584800789873,-0.3358051151451069,-0.06032236684187633,-0.27439255569134613,0.3993337204195921,-0.7415851054091119,-0.010891268553449206,1.428824142061259,1.4206511740321286,-0.7620586392364576,-0.299802719050718,-0.04155947232136296,-0.3275407345444462,-0.8783243049147668,-0.05090271652268703
1328,0.0,0.0,-0.1522740277874877,-0.07363408442392884,-0.25651039843739265,-0.06032236684187633,-0.13538638593054086,0.805630723036464,-0.8759973648828285,-0.1449128477016294,1.1644316713717724,1.0347021151844031,-0.6268172284808948,4.96587923860579,-0.04155947232136296,-0.9420881434025934,-1.0917397843227563,-0.05090271652268703
1329,1.0,0.0,-0.1522740277874877,1.779622211947656,-0.3358051151451069,-0.06032236684187633,-0.27439255569134613,1.5040606715784588,0.39442894170979254,-0.29234461655840777,-0.6894967391460108,-0.8200319552126911,-0.69478179031305,-0.299802719050718,-0.04155947232136296,-0.3275407345444462,-0.14441285188965317,-0.05090271652268703
1372,1.0,0.0,-0.1522740277874877,-0.3162362762000624,-0.2569165378552914,-0.06032236684187633,-0.20614937182228887,-0.7107910864523437,-0.5757945307896193,-0.2963633070206598,-0.2847957330461034,2.090818920615266,-0.4209384668591279,-0.466336578101762,-0.04155947232136296,1.1791975595225122,-0.30094033926474845,-0.05090271652268703
1373,1.0,0.0,-0.1522740277874877,-1.2357453965509455,-0.3358051151451069,-0.06032236684187633,-0.27439255569134613,-0.6963863931205886,2.211544167090344,-0.14375838613077918,0.4689777164356092,-0.6273107740582526,-0.44260166428026515,-0.299802719050718,-0.04155947232136296,-0.3275407345444462,-0.19653055015817242,-0.05090271652268703
1374,0.0,0.0,-0.1522740277874877,-0.11547292918753879,-0.3358051151451069,-0.06032236684187633,-0.27439255569134613,-0.7290948343172985,-0.7885075683292069,-0.7221201624368537,0.1268730679896937,0.30442462006171733,1.5420394068350092,-0.299802719050718,-0.04155947232136296,-0.3275407345444462,1.6030810302145282,-0.05090271652268703
1375,1.0,0.0,-0.1522740277874877,-0.3162362762000624,1.6626056997058583,-0.06032236684187633,-0.9231358725130695,0.10321937211865961,1.7233882305009838,-0.2963633070206598,-0.2847957330461034,-0.6462752583669312,-0.8148463463498328,-0.34782008515714513,-0.04155947232136296,-0.03928597760148633,-0.30094033926474845,-0.05090271652268703
1376,1.0,0.0,-0.1522740277874877,-0.9396878548674847,-1.208264665716408,-0.06032236684187633,3.4334201516287837,-0.7068327978581294,1.129490183618042,1.0780965177504331,-0.1512221331852224,-0.842280209436772,0.771416790676705,-0.22113579680646633,-0.04155947232136296,-0.21977702215588846,-0.21215419092273544,-0.05090271652268703
1377,1.0,0.0,-0.1522740277874877,-0.6475188760398722,-1.2119382205011893,-0.06032236684187633,1.3122731038277708,-0.7466607778076303,1.0819295110077638,1.0506200324045964,-0.18762151230528218,-0.8080569650320732,0.800672291631972,-0.18308252360841493,-0.04155947232136296,-0.22067362346420302,-0.23674829375966508,-0.05090271652268703
1378,0.0,0.0,-0.1522740277874877,-0.3162362762000624,-0.14580252053087012,-0.06032236684187633,1.3538876222372156,2.223539468222108,-0.6736727189500756,-0.2963633070206598,-0.2847957330461034,-0.5120959793620855,-0.5678950151850279,-0.27721079393557835,-0.04155947232136296,-0.45150252673073604,-0.30094033926474845,-0.05090271652268703
1379,1.0,0.0,-0.1522740277874877,-0.8399476679222304,-0.3358051151451069,-0.06032236684187633,-0.27439255569134613,-0.7912112526552415,1.4102412932189814,1.2603183224682597,-0.10937497969319492,-0.7617590836405188,0.48341919411785245,-0.299802719050718,-0.04155947232136296,-0.3275407345444462,-0.0589551286328858,-0.05090271652268703
1380,0.0,0.0,-0.1522740277874877,0.8837403896101382,-0.3358051151451069,-0.06032236684187633,-0.27439255569134613,-0.6267196206833241,-0.7162129065740268,-0.9740755610629297,-0.01559018050097767,-0.40894455081415365,2.189100211025412,-0.299802719050718,-0.04155947232136296,-0.3275407345444462,0.06068671059363001,-0.05090271652268703
1381,0.0,0.0,-0.1522740277874877,-0.8862954098305647,-0.3358051151451069,-0.06032236684187633,-0.27439255569134613,-0.7831009096178428,1.409499807470875,1.2633338108071208,-0.1011680481676729,-0.7727477340831939,0.48718022233390207,-0.299802719050718,-0.04155947232136296,-0.3275407345444462,0.15245728233797132,-0.05090271652268703
1382,0.0,0.0,-0.1522740277874877,-0.27256356816669497,0.8000343549367317,-0.06032236684187633,0.037653667592382103,-0.8117041974352139,-0.7207878482407292,-0.45028745569670614,-0.03271283769102583,0.8467239423372058,0.9671581606055313,-1.0994627023635009,-0.04155947232136296,-0.013182037811354226,1.228887783090574,-0.05090271652268703
1383,0.0,0.0,-0.1522740277874877,1.3636079801512793,-0.3358051151451069,-0.06032236684187633,-0.27439255569134613,-0.7259068249883924,-0.7729880034335129,-0.9429916350235166,-0.3271031594815594,-0.036850710911462047,1.9021384306270337,-0.299802719050718,-0.04155947232136296,-0.3275407345444462,1.1493583944487267,-0.05090271652268703
1384,0.0,0.0,-0.1522740277874877,-0.3495703519937607,-0.3358051151451069,-0.06032236684187633,-0.27439255569134613,0.2495202267980352,-0.7237860871330906,0.1219642611696578,1.4176291867481174,1.5666004447477115,-0.7675050597757989,-0.299802719050718,-0.04155947232136296,-0.3275407345444462,-0.9688476678617465,-0.05090271652268703
1385,0.0,0.0,-0.1522740277874877,-0.35859511508404235,-0.3358051151451069,-0.06032236684187633,-0.27439255569134613,0.03118066924071897,-0.6961577300703484,0.5230575896807107,1.0988097664609284,1.7750797717641398,-0.7704400696426296,-0.299802719050718,-0.04155947232136296,-0.3275407345444462,-1.0423279461240753,-0.05090271652268703
1386,0.0,0.0,-0.1522740277874877,-0.3162362762000624,-1.1039664645362313,-0.06032236684187633,0.36372653831351626,-0.6708841237120061,0.4574671199336102,-0.2963633070206598,-0.2847957330461034,-0.8558208849979386,1.3983921375996733,1.050752624659851,-0.04155947232136296,-0.10609135985035704,-0.30094033926474845,-0.05090271652268703
1387,1.0,0.0,-0.1522740277874877,-0.9972491995862606,-0.3358051151451069,-0.06032236684187633,-0.27439255569134613,-0.6842236565854832,2.220769045827843,-0.195906672105203,-0.03968186204173758,-0.6179487555477885,-0.46801789820609996,-0.299802719050718,-0.04155947232136296,-0.3275407345444462,-0.18144754009265374,-0.05090271652268703
1388,1.0,0.0,-0.1522740277874877,-0.3309117373496291,-0.3358051151451069,-0.06032236684187633,-0.27439255569134613,0.21034029247291552,-0.709025835750406,0.09569800239895615,1.3699875553850658,1.6059555957984315,-0.7787255301469578,-0.299802719050718,-0.04155947232136296,-0.3275407345444462,-0.9176348392884071,-0.05090271652268703
1389,0.0,0.0,-0.1522740277874877,1.306952875201564,0.23544559718195085,-0.06032236684187633,-1.0120715677024221,0.862651794015149,1.0524944656330704,-0.1925042562508777,-1.0617906528383958,-0.48799613002152215,-0.9715739125494559,-0.08066940877238261,-0.04155947232136296,7.755544575260449,-0.19919307145368972,-0.05090271652268703
1390,1.0,0.0,-0.1522740277874877,1.324142135990727,0.11670037943396386,-0.06032236684187633,-0.9776168600462439,0.8857950243863986,0.9920172220059829,-0.21646405016605041,-0.48968124121960516,-0.7191175309652138,-0.8015962662499222,-0.16446943537445896,-0.04155947232136296,1.347579373681367,-0.21192483569319157,-0.05090271652268703
1391,0.0,0.0,-0.1522740277874877,1.8719287754843537,-0.3358051151451069,-0.06032236684187633,-0.27439255569134613,-0.6871546573830882,-0.765017843614231,-0.84305742148466,-0.27906758522789926,-0.19426495171497918,2.0463712575246955,-0.299802719050718,-0.04155947232136296,-0.3275407345444462,0.6657160527727728,-0.05090271652268703
1392,0.0,0.0,-0.1522740277874877,1.6647209822966649,-0.3358051151451069,-0.06032236684187633,-0.27439255569134613,-0.6427165576442465,-0.7343170225557714,-0.8244483184958943,-0.22672451891664114,-0.3513522076391683,2.156539936071054,-0.299802719050718,-0.04155947232136296,-0.3275407345444462,0.19341360290079668,-0.05090271652268703
1393,1.0,0.0,-0.1522740277874877,-0.3162362762000624,1.2682994628689856,-0.06032236684187633,-1.4149014610185608,-0.4113257578902771,2.1616056999474895,-0.2963633070206598,-0.2847957330461034,-0.5237822824587732,-0.7287832111662218,-0.22790758093011218,-0.04155947232136296,-0.2061134362909424,-0.30094033926474845,-0.05090271652268703
1394,1.0,0.0,-0.1522740277874877,-0.3162362762000624,-0.2243372895682652,-0.06032236684187633,-0.07870591138712574,-0.610123176061162,-0.5438681975988913,-0.2963633070206598,-0.2847957330461034,-0.6035152846560927,-0.5737188520317283,-0.5927070045446486,-0.04155947232136296,0.8111017681536514,-0.30094033926474845,-0.05090271652268703
1395,1.0,0.0,-0.1522740277874877,-0.3162362762000624,-0.03014762167610065,-0.06032236684187633,0.6990850259378799,-0.5975355371129186,-0.6180631840349005,-0.2963633070206598,-0.2847957330461034,-0.6079599071009893,-0.45036803376516654,-0.006466149665406511,-0.04155947232136296,-0.9910459827362528,-0.30094033926474845,-0.05090271652268703
1396,1.0,0.0,-0.1522740277874877,-0.3162362762000624,0.820113631662825,-0.06032236684187633,-0.633965565923931,-0.5956553587838019,-0.581065746315644,-0.2963633070206598,-0.2847957330461034,-0.5697520839528484,-0.586638953613943,-0.026728363269634053,-0.04155947232136296,-0.2697368995844438,-0.30094033926474845,-0.05090271652268703
1397,1.0,0.0,-0.1522740277874877,-0.3162362762000624,1.1983235695163776,-0.06032236684187633,-0.4252563099031767,-0.5152122293969962,2.2139403066499566,-0.2963633070206598,-0.2847957330461034,-0.6040254270141553,-0.6484371113719883,-0.1980556322259696,-0.04155947232136296,-0.22371335460860212,-0.30094033926474845,-0.05090271652268703
1398,0.0,0.0,-0.1522740277874877,-0.973851858269457,-0.3358051151451069,-0.06032236684187633,-0.27439255569134613,-0.6501958793685746,2.233192943502882,-0.25067759019126956,4.819746502345341,-0.6384137911970584,-0.5083453739818024,-0.299802719050718,-0.04155947232136296,-0.3275407345444462,-0.25478952708837577,-0.05090271652268703
1399,1.0,0.0,-0.1522740277874877,1.5061890821845971,-0.249191259904585,-0.06032236684187633,-0.9444895132182529,1.1336528320218155,0.7457844309668041,-0.2180494856729673,-0.4693276644802308,-0.7891700168248529,-0.7439499177672453,-0.21900059372751385,-0.04155947232136296,0.10707557895283147,-0.19830318208181547,-0.05090271652268703
1442,1.0,0.0,-0.1522740277874877,-0.012006927216771818,-0.3358051151451069,-0.06032236684187633,-0.27439255569134613,-0.7335278466799064,-0.7791311877535081,-0.7648981644655605,-0.28819633127590694,0.3135100790032618,1.5420191327072141,-0.299802719050718,-0.04155947232136296,-0.3275407345444462,1.6039823969115112,-0.05090271652268703
1443,1.0,0.0,-0.1522740277874877,-0.3162362762000624,-0.37252854381539313,-0.06032236684187633,1.8333867346084147,1.773929963587473,-0.8210275178922722,-0.2963633070206598,-0.2847957330461034,0.028342279010456838,-0.6087049590229355,-0.0722068444730646,-0.04155947232136296,-0.8756363582783898,-0.30094033926474845,-0.05090271652268703
1444,0.0,0.0,-0.1522740277874877,-0.3162362762000624,0.945734672028073,-0.06032236684187633,-1.0898314911448512,0.5372941508787799,1.3035825488254018,-0.2963633070206598,-0.2847957330461034,-0.7075958336948713,-0.8130796547733121,0.09266091162111559,-0.04155947232136296,0.09498260437352331,-0.30094033926474845,-0.05090271652268703
1445,1.0,0.0,-0.1522740277874877,-0.06587046173020052,-0.3358051151451069,-0.06032236684187633,-0.27439255569134613,-0.7372475846597155,-0.7814282587439351,-0.7283421488592078,-0.3061181765859185,0.3461968289574213,1.5041850849764986,-0.299802719050718,-0.04155947232136296,-0.3275407345444462,1.5945411842058632,-0.05090271652268703
1446,1.0,0.0,-0.1522740277874877,-0.10395454195811403,3.3315670793634644,-0.06032236684187633,-0.15991707518228931,-0.8253044147972516,-0.7049712050840297,-0.8029190148746735,-0.21533378126623484,0.6246081000485704,1.226037957916401,-1.0824740956996517,-0.04155947232136296,-0.2947381895079217,1.422395925350771,-0.05090271652268703
1447,1.0,0.0,-0.1522740277874877,-0.3381789216044214,-1.1564651849948921,-0.06032236684187633,0.8148761397264704,-0.6897046082849565,0.6635535867323773,0.8862689264831337,-0.20225377525543245,-0.8462445689641459,1.2022342778551622,0.5666457754710043,-0.04155947232136296,-0.3113406567594912,-0.2905569931008018,-0.05090271652268703
1448,0.0,0.0,-0.1522740277874877,-1.1900943960890045,-0.3358051151451069,-0.06032236684187633,-0.27439255569134613,-0.6184982074309907,2.237391031276167,-0.21363038366786274,1.0308662092972378,-0.6177213713256915,-0.5555204957450752,-0.299802719050718,-0.04155947232136296,-0.3275407345444462,-0.1970752911750637,-0.05090271652268703
1449,1.0,0.0,-0.1522740277874877,-0.3162362762000624,-0.08668181558863125,-0.06032236684187633,1.5602478665965984,2.0992129368484527,-0.7593864893772998,-0.2963633070206598,-0.2847957330461034,-0.32950255058353445,-0.5739767729980964,-0.19134377830513968,-0.04155947232136296,-0.602689972018666,-0.30094033926474845,-0.05090271652268703
1450,0.0,0.0,-0.1522740277874877,1.2615586951229028,0.7366378485737707,-0.06032236684187633,-1.1203406490235939,0.6218195661076563,1.2250158526817254,-0.26806249358593376,-0.2741266143988795,-0.7021479494621723,-0.8176419874112675,0.07992141733286903,-0.04155947232136296,0.4625095215253578,-0.30024030121228323,-0.05090271652268703
1451,0.0,0.0,-0.1522740277874877,0.8614828784211905,-0.3358051151451069,-0.06032236684187633,-0.27439255569134613,-0.6516688106347049,-0.7574741454534514,-0.9456013803438955,0.051265788162046556,-0.26211816227045137,2.0919982352975706,-0.299802719050718,-0.04155947232136296,-0.3275407345444462,0.5166284446588957,-0.05090271652268703
1452,0.0,0.0,-0.1522740277874877,-0.26529857845313415,0.8348028511922252,-0.06032236684187633,0.014528259695342896,-0.807236980447211,-0.7261752235234251,-0.4718671422430033,-0.008067530011170812,0.8074955735619537,1.0092021200723182,-1.1029188509365548,-0.04155947232136296,-0.07606580997551214,1.2564799972384577,-0.05090271652268703
1453,0.0,0.0,-0.1522740277874877,-0.38358724087514656,-0.3358051151451069,-0.06032236684187633,-0.27439255569134613,0.0683789394332905,-0.7230555712016747,0.7644734761880648,1.1705137062575708,1.7440950670489934,-0.7623318491037671,-0.299802719050718,-0.04155947232136296,-0.3275407345444462,-1.0755808749309288,-0.05090271652268703
1454,0.0,0.0,-0.1522740277874877,-0.3162362762000624,1.0913880466566375,-0.06032236684187633,-1.1087625373637,0.49791754706691316,1.354211595262416,-0.2963633070206598,-0.2847957330461034,-0.6624368327003471,-0.8338713879641397,-0.329997003683709,-0.04155947232136296,0.7292503585126133,-0.30094033926474845,-0.05090271652268703
1455,0.0,0.0,-0.1522740277874877,-0.2937014328407996,-0.3358051151451069,-0.06032236684187633,-0.27439255569134613,0.40117464055399316,-0.754518685187572,0.006109740079366517,1.4318238459615347,1.4201308399672223,-0.75094312544712,-0.299802719050718,-0.04155947232136296,-0.3275407345444462,-0.9350116215705296,-0.05090271652268703
1456,0.0,0.0,-0.1522740277874877,-0.3162362762000624,1.1945623726173757,-0.06032236684187633,-0.3362908172181045,-0.5388442347643415,2.2220980920529048,-0.2963633070206598,-0.2847957330461034,-0.6113105388022272,-0.6303535505264611,-0.23685695170666685,-0.04155947232136296,-0.3183106820300999,-0.30094033926474845,-0.05090271652268703
1457,1.0,0.0,-0.1522740277874877,-0.3162362762000624,-0.17684013360899292,-0.06032236684187633,1.8039830940778236,1.8735605074471957,-0.8058856146287932,-0.2963633070206598,-0.2847957330461034,-0.07211187836234718,-0.6126271603729062,-0.16455780635477518,-0.04155947232136296,-0.7318435591319132,-0.30094033926474845,-0.05090271652268703
1458,1.0,0.0,-0.1522740277874877,1.5240704151303708,-0.3358051151451069,-0.06032236684187633,-0.27439255569134613,-0.611457032144004,-0.6543177853058231,-0.7965181071510931,-0.2543469182142167,-0.5307948794979818,2.242834910460826,-0.299802719050718,-0.04155947232136296,-0.3275407345444462,-0.15030678687452984,-0.05090271652268703
1459,0.0,0.0,-0.1522740277874877,-0.3162362762000624,-1.5307382919406574,-0.06032236684187633,2.386726796199663,-0.3708683870357755,0.2101704745911534,-0.2963633070206598,-0.2847957330461034,-0.9635540200953633,1.6787832056750658,1.4689052611065454,-0.04155947232136296,-0.10756298857828972,-0.30094033926474845,-0.05090271652268703
1460,1.0,0.0,-0.1522740277874877,-0.3162362762000624,-1.030072987948441,-0.06032236684187633,0.7329546451210678,-0.6430264526235172,0.42937067145700814,-0.2963633070206598,-0.2847957330461034,-0.8616298333879978,1.4425015026017278,1.1159733525024658,-0.04155947232136296,-0.3023074671848795,-0.30094033926474845,-0.05090271652268703
1461,0.0,0.0,-0.1522740277874877,-0.22341280871293678,-0.22314697375022435,-0.06032236684187633,-0.18510693078402982,0.760948170494493,-0.8124476402761114,-0.17672386070253834,1.195310278164329,1.0698620088448916,-0.6907561863387163,2.7582746661375355,-0.04155947232136296,-0.9322644837866619,-0.8369695090864604,-0.05090271652268703
1462,0.0,0.0,-0.1522740277874877,-0.20276501188531837,-0.3358051151451069,-0.06032236684187633,-0.27439255569134613,-0.5580105893046658,-0.5900227733507247,1.5934060791561744,-0.25708283434834767,2.149200292552215,-0.6089301222064925,-0.299802719050718,-0.04155947232136296,-0.3275407345444462,-0.8747589898655671,-0.05090271652268703
1463,1.0,0.0,-0.1522740277874877,-0.9563845680311327,-0.3358051151451069,-0.06032236684187633,-0.27439255569134613,-0.6362646510518519,2.236291048682084,-0.2323674699075556,8.188286952190532,-0.6398251605894072,-0.5297262928466995,-0.299802719050718,-0.04155947232136296,-0.3275407345444462,-0.15222731158058853,-0.05090271652268703
1464,1.0,0.0,-0.1522740277874877,-0.3162362762000624,-0.6854933168556816,-0.06032236684187633,0.3422415000000032,-0.5160498309643056,-0.5724163282577786,-0.2963633070206598,-0.2847957330461034,-0.6438483211374335,-0.5787552251939961,0.11645125773802106,-0.04155947232136296,-0.008001779645541083,-0.30094033926474845,-0.05090271652268703
1465,1.0,0.0,-0.1522740277874877,-0.9342969210586058,-0.3358051151451069,-0.06032236684187633,-0.27439255569134613,-0.59663715859061,-0.5589921100276809,-0.28244547978583157,5.128687925148253,-0.623122941768276,-0.5685330310038553,-0.299802719050718,-0.04155947232136296,-0.3275407345444462,-0.15409028864701668,-0.05090271652268703
1466,1.0,0.0,-0.1522740277874877,-0.3162362762000624,-0.3936174532414502,-0.06032236684187633,-0.27137313395106155,-0.5962368599466689,-0.5811078780130402,-0.2963633070206598,-0.2847957330461034,-0.6160397896567537,-0.5520513485984042,1.0874582161827346,-0.04155947232136296,-0.3095895445420008,-0.30094033926474845,-0.05090271652268703
1467,1.0,0.0,-0.1522740277874877,1.7938955856257615,-0.3358051151451069,-0.06032236684187633,-0.27439255569134613,1.5824012615052248,0.325401725595833,-0.13077863068090032,-0.8331433204480462,-0.8041855628099848,-0.7196402902900706,-0.299802719050718,-0.04155947232136296,-0.3275407345444462,0.1170458865645731,-0.05090271652268703
1468,0.0,0.0,-0.1522740277874877,-0.3162362762000624,-0.5708161493317967,-0.06032236684187633,-0.16541553208668258,-0.5849871264993497,-0.5432255263016855,-0.2963633070206598,-0.2847957330461034,-0.6553561812096473,2.244338741434831,1.0945727866746857,-0.04155947232136296,-0.2598574270218869,-0.30094033926474845,-0.05090271652268703
1469,1.0,0.0,-0.1522740277874877,1.537376606012546,-0.3358051151451069,-0.06032236684187633,-0.27439255569134613,1.8031767822036333,0.09915381380385652,-0.33547717447988584,-0.8144923680530446,-0.8262647586053176,-0.6512252666242968,-0.299802719050718,-0.04155947232136296,-0.3275407345444462,-0.07194451462292947,-0.05090271652268703
1512,1.0,0.0,-0.1522740277874877,-0.3162362762000624,0.958175851548222,-0.06032236684187633,-1.101432022344612,0.5382779659918736,1.310747013332374,-0.2963633070206598,-0.2847957330461034,-0.6878807001931753,-0.8107762690919013,-0.2748446930443654,-0.04155947232136296,0.4330768531303846,-0.30094033926474845,-0.05090271652268703
1513,1.0,0.0,-0.1522740277874877,-0.3162362762000624,-0.39931328833754226,-0.06032236684187633,1.7170947017064693,1.629197886757025,-0.8271787554077298,-0.2963633070206598,-0.2847957330461034,0.17494880270097,-0.6257672587175958,0.006944996940787276,-0.04155947232136296,-0.9575223073749612,-0.30094033926474845,-0.05090271652268703
1514,0.0,0.0,-0.1522740277874877,-0.3162362762000624,1.394908762376919,-0.06032236684187633,-1.0189591199654522,0.33408792151505534,1.499462613750801,-0.2963633070206598,-0.2847957330461034,-0.6823441879004054,-0.8201582125321545,0.11901958034056878,-0.04155947232136296,-0.00723548752195317,-0.30094033926474845,-0.05090271652268703
1515,1.0,0.0,-0.1522740277874877,-0.3162362762000624,-0.31319999986382085,-0.06032236684187633,1.747896987648861,1.9671709629314698,-0.796949113767472,-0.2963633070206598,-0.2847957330461034,-0.17590918124161062,-0.5840150414013541,-0.14781214375640137,-0.04155947232136296,-0.741459415586033,-0.30094033926474845,-0.05090271652268703
1516,1.0,0.0,-0.1522740277874877,-0.3162362762000624,-0.24855485644265982,-0.06032236684187633,1.3726667107183828,2.210770295506382,-0.6871577390247113,-0.2963633070206598,-0.2847957330461034,-0.4849294476540575,-0.5513219980621075,-0.20918294537049772,-0.04155947232136296,-0.6722148209831555,-0.30094033926474845,-0.05090271652268703
1517,1.0,0.0,-0.1522740277874877,0.44222024420573774,-0.3358051151451069,-0.06032236684187633,-0.27439255569134613,2.1193845903407933,-0.2604524657787508,-0.2600913263818619,-0.9996261851160398,-0.7770984696046148,-0.6199856733400986,-0.299802719050718,-0.04155947232136296,-0.3275407345444462,0.7861576026873859,-0.05090271652268703
1518,0.0,0.0,-0.1522740277874877,1.755309857905977,-0.3358051151451069,-0.06032236684187633,-0.27439255569134613,1.3785848702692685,0.5098157421452589,0.07048288002514796,-0.7165671581777694,-0.7900486360148873,-0.7418046740344609,-0.299802719050718,-0.04155947232136296,-0.3275407345444462,-0.129018652436883,-0.05090271652268703
1519,1.0,0.0,-0.1522740277874877,-0.3162362762000624,-0.4643644296813532,-0.06032236684187633,-0.177486571235717,-0.5946834390071931,-0.4565241391952167,-0.2963633070206598,-0.2847957330461034,-0.7148684280380063,2.2054912402538025,1.146616420948946,-0.04155947232136296,-0.17565892102226036,-0.30094033926474845,-0.05090271652268703
1520,0.0,0.0,-0.1522740277874877,1.270336406434784,0.6310802111228634,-0.06032236684187633,-1.1298605284568415,0.6636498154532856,1.1849378835279116,-0.24412987710059247,-0.29772697471914994,-0.7075788419989695,-0.8149081034796515,0.07127602430967075,-0.04155947232136296,0.504636304227084,-0.295170250740465,-0.05090271652268703
1521,0.0,0.0,-0.1522740277874877,0.1826696082345488,-0.3358051151451069,-0.06032236684187633,-0.27439255569134613,0.17179389536787942,-0.7015250692244442,0.09401744869175208,1.3446200805619541,1.6388733940282187,-0.7766683722772446,-0.299802719050718,-0.04155947232136296,-0.3275407345444462,-0.964764790966703,-0.05090271652268703
1522,0.0,0.0,-0.1522740277874877,-0.3162362762000624,0.07912199136344134,-0.06032236684187633,1.6002155687343114,2.0760675420279435,-0.7647177057421298,-0.2963633070206598,-0.2847957330461034,-0.3004955834769167,-0.5727827621822897,-0.22128170946082495,-0.04155947232136296,-0.6440645705658684,-0.30094033926474845,-0.05090271652268703
1523,0.0,0.0,-0.1522740277874877,-0.3891299800705545,-1.1776194798851785,-0.06032236684187633,2.211271901510777,-0.6292026454120002,0.668479789553243,0.8862644639601746,-0.24415299575196495,-0.8812895703043435,1.2072038547438433,0.5733394800254359,-0.04155947232136296,-0.30130627776345437,-0.29198463351276815,-0.05090271652268703
1524,0.0,0.0,-0.1522740277874877,1.5205154385207036,-0.3358051151451069,-0.06032236684187633,-0.27439255569134613,1.834107023774798,0.07203956191724362,-0.3343066782330945,-0.9391149533835585,-0.808242384534578,-0.6844546858028371,-0.299802719050718,-0.04155947232136296,-0.3275407345444462,0.49079507088209773,-0.05090271652268703
1525,0.0,0.0,-0.1522740277874877,-0.3162362762000624,-0.24397307377317365,-0.06032236684187633,1.6758294217306002,2.024930874381067,-0.7942334407132833,-0.2963633070206598,-0.2847957330461034,-0.23801787257131143,-0.5525670755431954,-0.1430306588377591,-0.04155947232136296,-0.8357390786235394,-0.30094033926474845,-0.05090271652268703
1526,0.0,0.0,-0.1522740277874877,-0.30881931228753595,0.5168678817308711,-0.06032236684187633,-0.024371422268541287,-0.8342380053239145,-0.6887181705060762,-0.32581662352484114,-0.24399280110725152,1.0807628311586892,0.7163146753839036,-1.0589891273042558,-0.04155947232136296,0.4782603390261929,1.129760890482078,-0.05090271652268703
1527,1.0,0.0,-0.1522740277874877,0.998205981869257,-0.3358051151451069,-0.06032236684187633,-0.27439255569134613,1.9930586136983177,-0.1081296360761578,-0.1989186814202071,-0.8453574805942801,-0.8120906690792831,-0.6191087668914997,-0.299802719050718,-0.04155947232136296,-0.3275407345444462,-0.09554260385058895,-0.05090271652268703
1528,1.0,0.0,-0.1522740277874877,-0.9511472522490066,-0.3358051151451069,-0.06032236684187633,-0.27439255569134613,-0.7961719033648645,1.5315223242122076,1.2752525491212694,0.002836575637591588,-0.758109207455503,0.37575598848348546,-0.299802719050718,-0.04155947232136296,-0.3275407345444462,-0.27986539271018107,-0.05090271652268703
1529,0.0,0.0,-0.1522740277874877,-1.06749748959114,-0.3358051151451069,-0.06032236684187633,-0.27439255569134613,-0.7458958978685781,2.124091246090703,0.2128191745857587,6.739068064828822,-0.7698033153053461,-0.2538766321089582,-0.299802719050718,-0.04155947232136296,-0.3275407345444462,-0.07633303551579457,-0.05090271652268703
1530,1.0,0.0,-0.1522740277874877,-0.3162362762000624,-0.31446397545831434,-0.06032236684187633,1.7732182912009047,1.7042582637863344,-0.8329220782644748,-0.2963633070206598,-0.2847957330461034,0.11235931585791095,-0.5866860860377566,0.18541521537421504,-0.04155947232136296,-0.9611246634054413,-0.30094033926474845,-0.05090271652268703
1531,0.0,0.0,-0.1522740277874877,-0.3162362762000624,-0.16587596607804939,-0.06032236684187633,-0.1873910553798477,-0.7900784356278443,-0.5505799324232119,-0.2963633070206598,-0.2847957330461034,1.9747802992629286,-0.24426110275257443,-0.8447482982008402,-0.04155947232136296,1.3396758921357834,-0.30094033926474845,-0.05090271652268703
1532,0.0,0.0,-0.1522740277874877,-0.20275362926011184,1.831360355435427,-0.06032236684187633,-0.16626392712177412,-0.8227918643839217,-0.7031681637395029,-0.5789219697104713,-0.20522773480927284,0.8117353360627471,1.020820027232914,-0.9087854396972262,-0.04155947232136296,-0.11182512570160653,1.2372732091393408,-0.05090271652268703
1533,1.0,0.0,-0.1522740277874877,-0.3162362762000624,2.488962553978823,-0.06032236684187633,-0.2664037790260854,-0.9546407890162413,-0.39669868485685544,-0.2963633070206598,-0.2847957330461034,1.5176017186128734,0.29768853632636577,-1.2654633911449682,-0.04155947232136296,1.4066196937533046,-0.30094033926474845,-0.05090271652268703
1534,1.0,0.0,-0.1522740277874877,-0.678584041232785,-0.3358051151451069,-0.06032236684187633,-0.27439255569134613,-0.5520258279352619,-0.5229803246263469,0.09032785048397832,0.16926245020553957,-0.6738777529632497,-0.5778365975130487,-0.299802719050718,-0.04155947232136296,-0.3275407345444462,0.014572855169463534,-0.05090271652268703
1535,1.0,0.0,-0.1522740277874877,-0.3162362762000624,-0.8558810944530646,-0.06032236684187633,1.9398214155773121,-0.4141680441884598,-0.5594375480015353,-0.2963633070206598,-0.2847957330461034,-0.6891792439200217,-0.5793992076473568,-0.07192373898054452,-0.04155947232136296,0.0603699692443638,-0.30094033926474845,-0.05090271652268703
1536,1.0,0.0,-0.1522740277874877,-0.3162362762000624,-0.1938958226143906,-0.06032236684187633,-0.7738295804073945,-0.5707710537395252,-0.5993153119839153,-0.2963633070206598,-0.2847957330461034,-0.5247033588247317,-0.6206893949389238,0.14189421671697122,-0.04155947232136296,1.0597618246310045,-0.30094033926474845,-0.05090271652268703
1537,1.0,0.0,-0.1522740277874877,-1.0114380881219924,-0.3358051151451069,-0.06032236684187633,-0.27439255569134613,-0.7102829055137457,2.2002735751211335,-0.04731951374967585,1.33768102974445,-0.6361015677176114,-0.4148445580425001,-0.299802719050718,-0.04155947232136296,-0.3275407345444462,-0.19902700133855633,-0.05090271652268703
1538,0.0,0.0,-0.1522740277874877,-0.3162362762000624,1.359429938983757,-0.06032236684187633,-1.1487485883959359,-0.3241093814140475,2.1040093452502298,-0.2963633070206598,-0.2847957330461034,-0.5469962565140933,-0.76068539193062,-0.08870317457578589,-0.04155947232136296,-0.14789214794640881,-0.30094033926474845,-0.05090271652268703
1539,1.0,0.0,-0.1522740277874877,0.6558093125011296,-0.3358051151451069,-0.06032236684187633,-0.27439255569134613,2.073099091733233,-0.2020054226871758,-0.28339810793710396,-0.8536900560015126,-0.7958479284961688,-0.6092539203987689,-0.299802719050718,-0.04155947232136296,-0.3275407345444462,0.020062612395391397,-0.05090271652268703
1582,1.0,0.0,-0.1522740277874877,-0.3162362762000624,1.6512057432412732,-0.06032236684187633,-0.9631341415899471,0.1403801955233019,1.6906841077581654,-0.2963633070206598,-0.2847957330461034,-0.6406335959382995,-0.8134088619988481,-0.3200670092343984,-0.04155947232136296,0.03219879660044911,-0.30094033926474845,-0.05090271652268703
1583,1.0,0.0,-0.1522740277874877,0.1442277312784245,-0.3358051151451069,-0.06032236684187633,-0.27439255569134613,-0.6782693207198166,-0.7914941305076171,-0.871295611174197,-0.3340266623936399,-0.011433461621493621,1.8674119258363022,-0.299802719050718,-0.04155947232136296,-0.3275407345444462,1.2370866163636272,-0.05090271652268703
1584,0.0,0.0,-0.1522740277874877,0.05155397658058375,-0.3358051151451069,-0.06032236684187633,-0.27439255569134613,-0.3320160431869124,-0.6136351880755557,0.17918355545636597,0.18787695680488795,2.054720027220348,-0.7258418753749774,-0.299802719050718,-0.04155947232136296,-0.3275407345444462,-1.1014873997985368,-0.05090271652268703
1585,1.0,0.0,-0.1522740277874877,-0.3162362762000624,1.605893506279899,-0.06032236684187633,-0.9658866760214722,0.17905794846709955,1.6518060156691663,-0.2963633070206598,-0.2847957330461034,-0.6544160451429588,-0.8181110936840736,-0.3588876698682425,-0.04155947232136296,0.011666040602636566,-0.30094033926474845,-0.05090271652268703
1586,1.0,0.0,-0.1522740277874877,-0.3162362762000624,-0.351786423329865,-0.06032236684187633,1.8237506347443073,1.7769792671888787,-0.8434644760366945,-0.2963633070206598,-0.2847957330461034,0.03613058376168967,-0.5400131995942264,0.2978107535120435,-0.04155947232136296,-1.071852679608301,-0.30094033926474845,-0.05090271652268703
1587,1.0,0.0,-0.1522740277874877,-0.3162362762000624,-0.023020172103537722,-0.06032236684187633,-0.3077051652692709,-0.8406062973188335,-0.5995539813635393,-0.2963633070206598,-0.2847957330461034,1.7146447916886534,0.047929192546394946,-0.8586889728828724,-0.04155947232136296,1.574761721923,-0.30094033926474845,-0.05090271652268703
1588,0.0,0.0,-0.1522740277874877,-0.23281357940066963,1.1383173226290977,-0.06032236684187633,-0.06501305010740123,-0.8000689623851719,-0.7365192620636756,-0.5588854939718243,0.047641322538724364,0.6890869269434735,1.1346601864296006,-1.1003382061306888,-0.04155947232136296,-0.15899250506351548,1.3556756880071656,-0.05090271652268703
1589,1.0,0.0,-0.1522740277874877,-0.3162362762000624,-0.24500083821930566,-0.06032236684187633,-0.12771538203629365,-0.6878541118902143,-0.5811976226479266,-0.2963633070206598,-0.2847957330461034,2.1162018192764545,-0.46972293955505884,-0.3950472448318576,-0.04155947232136296,1.1412102327827303,-0.30094033926474845,-0.05090271652268703
1590,0.0,0.0,-0.1522740277874877,1.220687991878663,-0.3358051151451069,-0.06032236684187633,-0.27439255569134613,1.9329326510627347,-0.03924739598385678,0.049241001983039975,-0.9423685836253911,-0.8097606651007133,-0.6535593154022941,-0.299802719050718,-0.04155947232136296,-0.3275407345444462,0.3267227605107987,-0.05090271652268703
1591,0.0,0.0,-0.1522740277874877,-0.06130253863486648,-0.3358051151451069,-0.06032236684187633,-0.27439255569134613,-0.7569841979310913,-0.7707527562613246,-0.7406407784073133,0.12929796710180247,0.3862877783950009,1.4634801243814781,-0.299802719050718,-0.04155947232136296,-0.3275407345444462,1.5917928344109895,-0.05090271652268703
1592,0.0,0.0,-0.1522740277874877,1.2903791453705609,0.4348051753976963,-0.06032236684187633,-1.1478354736466378,0.7470630376991076,1.1074893259715899,-0.19326091661461262,-0.34093153469553433,-0.7201436711912765,-0.8043152094820509,0.051704611538849615,-0.04155947232136296,0.5565710280444847,-0.2861366352556546,-0.05090271652268703
1593,0.0,0.0,-0.1522740277874877,-0.31005174316671413,-1.1739794712901257,-0.06032236684187633,2.0704051862989314,-0.6228885684108043,0.627147603835545,0.8797256964430104,-0.2434670660560948,-0.8830752739729383,1.2470472853125605,0.6700677744757962,-0.04155947232136296,-0.31584246594875426,-0.2999558614599073,-0.05090271652268703
1594,0.0,0.0,-0.1522740277874877,1.6512281586584394,-0.16910477627599985,-0.06032236684187633,-1.148052568534536,1.254906741040699,0.6362633978379032,-0.2389940249769218,-0.7120067234247041,-0.7646241244601347,-0.7688212842306664,-0.2750811969013865,-0.04155947232136296,1.7918057783513723,-0.14990018478624942,-0.05090271652268703
1595,0.0,0.0,-0.1522740277874877,1.3626240282811803,0.03481482522970331,-0.06032236684187633,-1.1821693163295104,0.9207178854981002,0.952403832256433,-0.2149923978565764,-0.5375688731453144,-0.7112147730547917,-0.8130433566222734,-0.25705309394491715,-0.04155947232136296,1.7225053730450621,-0.2384085958347841,-0.05090271652268703
1596,0.0,0.0,-0.1522740277874877,1.1124040382495817,-0.3358051151451069,-0.06032236684187633,-0.27439255569134613,1.9632561194509777,-0.07275242224127887,-0.11192806056053688,-0.9501704163779398,-0.8075044462523708,-0.6456003958582476,-0.299802719050718,-0.04155947232136296,-0.3275407345444462,0.315180660906919,-0.05090271652268703
1597,1.0,0.0,-0.1522740277874877,-0.3162362762000624,-0.1739321554942857,-0.06032236684187633,1.4644535226842685,2.142557317828944,-0.7347058866302684,-0.2963633070206598,-0.2847957330461034,-0.3833624561710489,-0.5812639812742633,-0.19900395670423426,-0.04155947232136296,-0.458535801949149,-0.30094033926474845,-0.05090271652268703
1598,1.0,0.0,-0.1522740277874877,-0.3162362762000624,-0.3119533143130622,-0.06032236684187633,1.8267379627459093,1.8114045807333325,-0.8290076038173092,-0.2963633070206598,-0.2847957330461034,-0.0004525747327388246,-0.5852716836261864,0.00553997551654261,-0.04155947232136296,-0.8963247431667181,-0.30094033926474845,-0.05090271652268703
1599,0.0,0.0,-0.1522740277874877,-0.3162362762000624,-0.10608021069782572,-0.06032236684187633,0.9484027266068406,1.2973819280956413,-0.9786984771697992,-0.2963633070206598,-0.2847957330461034,0.5567228507390732,-0.3893658395280196,5.3548507539980115,-0.04155947232136296,-1.0977545855602744,-0.30094033926474845,-0.05090271652268703
1600,1.0,0.0,-0.1522740277874877,-1.0221164954985367,-0.3358051151451069,-0.06032236684187633,-0.27439255569134613,-0.7986292008787665,1.6483957969386696,1.23228904023366,0.17177810473842275,-0.7449045929076508,0.2653043729689304,-0.299802719050718,-0.04155947232136296,-0.3275407345444462,-0.28152412358476747,-0.05090271652268703
1601,0.0,0.0,-0.1522740277874877,-0.3162362762000624,-0.24040813537690187,-0.06032236684187633,1.4630687070755612,2.143562847969994,-0.741050982853118,-0.2963633070206598,-0.2847957330461034,-0.37849354431157634,-0.5439367678857241,-0.18714569664347422,-0.04155947232136296,-0.8030710963455676,-0.30094033926474845,-0.05090271652268703
1602,0.0,0.0,-0.1522740277874877,-0.2810605322536404,-0.33576680526610175,-0.06032236684187633,0.8157472853722331,1.2394891552112375,-0.8368415946511758,-0.22043454119745245,1.0045109348742673,0.5788792602021566,-0.637292360968672,1.0457919883908218,-0.04155947232136296,-0.9763151453100369,-0.3071893338505174,-0.05090271652268703
1603,1.0,0.0,-0.1522740277874877,-0.3162362762000624,1.2196271323306813,-0.06032236684187633,-1.227730279734923,0.4436379084969589,1.4416768362228929,-0.2963633070206598,-0.2847957330461034,-0.4435540575581511,-0.940717551697117,-0.2809062911199859,-0.04155947232136296,3.5265948312458475,-0.30094033926474845,-0.05090271652268703
1604,1.0,0.0,-0.1522740277874877,-0.3162362762000624,-0.7197816714783418,-0.06032236684187633,0.6702463297862487,-0.5102922893716959,-0.5666352563724611,-0.2963633070206598,-0.2847957330461034,-0.6494795967887249,-0.5811046038161093,-0.03455539060504306,-0.04155947232136296,-0.005892089621789019,-0.30094033926474845,-0.05090271652268703
1605,1.0,0.0,-0.1522740277874877,-0.2925136801093131,-0.3358051151451069,-0.06032236684187633,-0.27439255569134613,-0.5648447933303157,-0.5744492883381308,-0.13653505411486516,-0.8324595331969245,-0.6084484224404992,-0.6128082092683058,-0.299802719050718,-0.04155947232136296,-0.3275407345444462,5.289957826361607,-0.05090271652268703
1606,1.0,0.0,-0.1522740277874877,-0.6787764631011346,-0.3358051151451069,-0.06032236684187633,-0.27439255569134613,-0.5402284050448161,-0.5283690376585535,0.2540647733541255,-0.042635912173109046,-0.677037954325494,-0.5841903034494088,-0.299802719050718,-0.04155947232136296,-0.3275407345444462,0.1518889597199974,-0.05090271652268703
1607,1.0,0.0,-0.1522740277874877,-0.3162362762000624,-0.0912706128796271,-0.06032236684187633,1.6177167437074194,2.052745493435023,-0.7832189204082476,-0.2963633070206598,-0.2847957330461034,-0.26582818481787357,-0.5598762648967769,-0.13282865545692135,-0.04155947232136296,-0.758219156256494,-0.30094033926474845,-0.05090271652268703
1608,0.0,0.0,-0.1522740277874877,-0.3162362762000624,1.3700091512971697,-0.06032236684187633,-1.1501709597131262,0.3563348116699542,1.5107055244225367,-0.2963633070206598,-0.2847957330461034,-0.5410112114800768,-0.889564807965687,-0.14483903803856793,-0.04155947232136296,1.691196215356296,-0.30094033926474845,-0.05090271652268703
1609,1.0,0.0,-0.1522740277874877,-0.3162362762000624,-0.3847983702825307,-0.06032236684187633,1.6450943155953603,1.5905698297639899,-0.8215744470377031,-0.2963633070206598,-0.2847957330461034,0.21838158730590393,-0.6444301979256808,-0.08692029183814544,-0.04155947232136296,-0.9006190906352827,-0.30094033926474845,-0.05090271652268703
1652,1.0,0.0,-0.1522740277874877,-0.2356899348370684,-0.1720466104535995,-0.06032236684187633,-0.028742646361462173,0.8339850275260049,-0.7796246614440147,-0.22611124102751093,1.15508213722383,0.9754028002560956,-0.7168599428855132,0.9387077484904143,-0.04155947232136296,-1.1541103133413375,-0.5547974376508763,-0.05090271652268703
1653,1.0,0.0,-0.1522740277874877,-0.3162362762000624,-0.8382824738655859,-0.06032236684187633,-0.0703834737061554,-0.6223599960675956,-0.03603447725603521,-0.2963633070206598,-0.2847957330461034,-0.8356650182105874,1.8735460348045285,1.541891516510232,-0.04155947232136296,-0.3296042810277782,-0.30094033926474845,-0.05090271652268703
1654,0.0,0.0,-0.1522740277874877,-0.48983634872592136,-1.2104977143048155,-0.06032236684187633,0.4441948012485857,-0.754115371266259,0.995382692006323,0.9986675667089154,-0.24623185671878467,-0.8085771248681479,0.8744894114039015,-0.06798687640728514,-0.04155947232136296,-0.06747717769622573,0.0044800679635293664,-0.05090271652268703
1655,1.0,0.0,-0.1522740277874877,1.6083256508386745,-0.2997216444804157,-0.06032236684187633,-1.1657781088297876,1.2142322107534804,0.6673629435949475,-0.2567242018417233,-0.5870252242139296,-0.7806584587956935,-0.7489959238940465,-0.19934856440734167,-0.04155947232136296,0.7798981354553399,-0.1775794022545598,-0.05090271652268703
1656,1.0,0.0,-0.1522740277874877,-0.3162362762000624,1.4745824170869481,-0.06032236684187633,-0.29558134312078205,-0.8763914797419895,-0.5941453802946727,-0.2963633070206598,-0.2847957330461034,1.2849451757840988,0.5189536966695543,-1.0596814189516626,-0.04155947232136296,0.9507256086044192,-0.30094033926474845,-0.05090271652268703
1657,1.0,0.0,-0.1522740277874877,-0.35103948063071994,-0.3358051151451069,-0.06032236684187633,-0.27439255569134613,0.35697986840769086,-0.7252254657724014,-0.04869462967476098,1.4351651539091341,1.4571922169079763,-0.7682292676654408,-0.299802719050718,-0.04155947232136296,-0.3275407345444462,-0.8762432441330125,-0.05090271652268703
1658,0.0,0.0,-0.1522740277874877,-1.0942558480622655,-0.3358051151451069,-0.06032236684187633,-0.27439255569134613,-0.8042009271037113,1.8187708385560724,1.0696297618300519,0.22875310991262351,-0.7109456666226506,0.07660916191237659,-0.299802719050718,-0.04155947232136296,-0.3275407345444462,0.12847817562601205,-0.05090271652268703
1659,1.0,0.0,-0.1522740277874877,-0.9920867699194075,-0.3358051151451069,-0.06032236684187633,-0.27439255569134613,-0.8062756727311119,1.6431502038136683,1.2479079677757057,0.005167731327378384,-0.7287745596513164,0.2566669340903066,-0.299802719050718,-0.04155947232136296,-0.3275407345444462,-0.09002211454327927,-0.05090271652268703
1660,0.0,0.0,-0.1522740277874877,1.8067845902382775,-0.3358051151451069,-0.06032236684187633,-0.27439255569134613,1.5408762103144964,0.35508235599505905,0.08365820723215586,-0.7892596206688391,-0.8060807353181372,-0.7156323852196776,-0.299802719050718,-0.04155947232136296,-0.3275407345444462,-0.04852521936825769,-0.05090271652268703
1661,0.0,0.0,-0.1522740277874877,1.5303382678485373,-0.2031084182481739,-0.06032236684187633,-1.1861612152441647,1.1290860914583953,0.7483763320324553,0.01390856825882833,-0.5820986388634598,-0.7608332475999176,-0.7731652985387583,-0.11582784481415868,-0.04155947232136296,1.1636856916421754,-0.22453840662564456,-0.05090271652268703
1662,0.0,0.0,-0.1522740277874877,-1.085921408132202,-0.3358051151451069,-0.06032236684187633,-0.27439255569134613,-0.8061579955921128,1.8193156675414015,1.0524031219604995,0.16355007511259056,-0.705509894183566,0.0801099793265118,-0.299802719050718,-0.04155947232136296,-0.3275407345444462,0.13234530229091332,-0.05090271652268703
1663,0.0,0.0,-0.1522740277874877,-0.33172109544542844,-0.3358051151451069,-0.06032236684187633,-0.27439255569134613,-0.10441393060108636,-0.6916392626652041,1.2610627202997369,0.7827685920571984,1.8947288269915825,-0.7583231016160256,-0.299802719050718,-0.04155947232136296,-0.3275407345444462,-1.0840287358300902,-0.05090271652268703
1664,0.0,0.0,-0.1522740277874877,-0.8959987992748785,-0.3358051151451069,-0.06032236684187633,-0.27439255569134613,-0.7644116378798083,1.328216310915753,1.2243634202150766,-0.10613925516983287,-0.7940963313176922,0.570438979966286,-0.299802719050718,-0.04155947232136296,-0.3275407345444462,-0.25060918954813816,-0.05090271652268703
1665,0.0,0.0,-0.1522740277874877,-0.3162362762000624,-0.27420379308377607,-0.06032236684187633,-0.17411618144960195,-0.7061958830010338,-0.5698641910208833,-0.2963633070206598,-0.2847957330461034,2.104262160009337,-0.44538266925095743,-0.5336663391311772,-0.04155947232136296,1.1583246713297395,-0.30094033926474845,-0.05090271652268703
1666,0.0,0.0,-0.1522740277874877,-0.3162362762000624,-0.09891574390986047,-0.06032236684187633,1.0575757324935207,1.3148365690964747,-0.828123088969682,-0.2963633070206598,-0.2847957330461034,0.48631589820768256,-0.656318585941235,0.33357972975786154,-0.04155947232136296,-1.0718251800443443,-0.30094033926474845,-0.05090271652268703
1667,1.0,0.0,-0.1522740277874877,-0.3162362762000624,-0.33517607930086,-0.06032236684187633,-0.16897742965349113,-0.5968915370098804,-0.5463101277618281,-0.2963633070206598,-0.2847957330461034,-0.6514042134816295,2.2442933045941205,1.0945938613080923,-0.04155947232136296,-0.2936580828396672,-0.30094033926474845,-0.05090271652268703
1668,1.0,0.0,-0.1522740277874877,-0.3162362762000624,-0.4597300485460268,-0.06032236684187633,-0.2141923027255934,-0.592393180949829,-0.5024098063037594,-0.2963633070206598,-0.2847957330461034,-0.6863062847998487,2.229189609949723,1.1081501827954976,-0.04155947232136296,-0.2557850287071326,-0.30094033926474845,-0.05090271652268703
1669,0.0,0.0,-0.1522740277874877,4.137762156531593,-0.3358051151451069,-0.06032236684187633,-0.27439255569134613,-0.8692956344595999,-0.7300522866098221,-1.0618962541522936,-0.09463581986280495,0.022268938608765713,1.8782821262765366,-0.299802719050718,-0.04155947232136296,-0.3275407345444462,1.2271524330927481,-0.05090271652268703
1670,1.0,0.0,-0.1522740277874877,0.7662574831935255,-0.3358051151451069,-0.06032236684187633,-0.27439255569134613,2.049087070447817,-0.16116098020187378,-0.23417221940906846,-0.8686580257095374,-0.7944967173962646,-0.642034268122287,-0.299802719050718,-0.04155947232136296,-0.3275407345444462,0.9627463449313017,-0.05090271652268703
1671,0.0,0.0,-0.1522740277874877,-0.3162362762000624,1.4323680726977954,-0.06032236684187633,-0.8950469940176251,-0.265197630692439,2.0582914534227146,-0.2963633070206598,-0.2847957330461034,-0.580541513298532,-0.7636586789723738,-0.22341386231099544,-0.04155947232136296,-0.1673139509747635,-0.30094033926474845,-0.05090271652268703
1672,0.0,0.0,-0.1522740277874877,-0.3162362762000624,-0.8108188752394055,-0.06032236684187633,-0.11903341965549608,-0.5778675127958112,-0.2565073184873423,-0.2963633070206598,-0.2847957330461034,-0.799042049087446,2.072304802553533,1.323756108120193,-0.04155947232136296,-0.2532742376863671,-0.30094033926474845,-0.05090271652268703
1673,1.0,0.0,-0.1522740277874877,1.344695460571547,0.07550981290026973,-0.06032236684187633,-0.9894524703165742,0.9439701650713538,0.9717777164880104,-0.2400630355425938,-1.154201631682457,-0.5398148407330171,-0.9461309020008114,-0.1670767560333377,-0.04155947232136296,7.503439550286463,-0.1917560877177578,-0.05090271652268703
1674,1.0,0.0,-0.1522740277874877,-0.2380869651751655,-0.3358051151451069,-0.06032236684187633,-0.27439255569134613,-0.5432754868888727,-0.5837530457526029,-0.08171724978411417,-0.7425374781281958,-0.5973225472798818,-0.6196001538389948,-0.299802719050718,-0.04155947232136296,-0.3275407345444462,1.4259659321158316,-0.05090271652268703
1675,1.0,0.0,-0.1522740277874877,1.0419223488341764,-0.30992233433104666,-0.06032236684187633,-0.9472676983590427,-0.5468719556389294,-0.5846943856205646,-0.15585867940007286,-0.850181651943676,-0.45970983294691825,-0.6922678986280641,-0.08562131049235112,-0.04155947232136296,4.963305034966158,-0.20182008684995248,-0.05090271652268703
1676,1.0,0.0,-0.1522740277874877,-0.3162362762000624,-0.0992365137968418,-0.06032236684187633,0.20823281933794444,-0.6210575536718071,-0.5164015302204511,-0.2963633070206598,-0.2847957330461034,-0.6188499997265929,-0.5672485180510076,-0.6181953453916912,-0.04155947232136296,0.39507156768356994,-0.30094033926474845,-0.05090271652268703
1677,1.0,0.0,-0.1522740277874877,-1.015805120498136,-0.3358051151451069,-0.06032236684187633,-0.27439255569134613,-0.7222213767428224,2.187611966383461,0.0015536159430054092,1.2888754821193955,-0.6401755372129363,-0.38861147718383443,-0.299802719050718,-0.04155947232136296,-0.3275407345444462,-0.18920684110291713,-0.05090271652268703
1678,0.0,0.0,-0.3581985108763853,-0.29925463472618075,-0.3034227844839666,12.962578157620097,1.3057860342005168,2.257465217263181,-0.5862744032040832,-0.29636330702065766,-0.7652023036922374,-0.6127355384082186,-0.5756637136575083,-0.210645198071037,0.15693249140653565,-0.3275407345444447,5.5148561831944,-0.05090271652271594
1679,1.0,0.0,-0.1522740277874877,-0.9946336230465488,-0.3358051151451069,-0.06032236684187633,-0.27439255569134613,-0.8127334244908443,1.8863375695470763,0.9019428895270273,-0.05032500058625751,-0.6745795947001171,0.006006984469507604,-0.299802719050718,-0.04155947232136296,-0.3275407345444462,-0.33923869565835707,-0.05090271652268703
1722,1.0,0.0,-0.1522740277874877,0.3409234660879349,-0.3358051151451069,-0.06032236684187633,-0.27439255569134613,-0.6840824349698569,-0.7874546146231136,-0.8833178801447571,-0.295882856997189,-0.0067590125477883164,1.8668268568766762,-0.299802719050718,-0.04155947232136296,-0.3275407345444462,1.250757447906543,-0.05090271652268703
1723,1.0,0.0,-0.1522740277874877,-0.3162362762000624,-0.23941064553829597,-0.06032236684187633,-0.17986103770288078,-0.7290464523395344,-0.5834872366927412,-0.2963633070206598,-0.2847957330461034,2.0747504507042875,-0.3950701402053308,-0.44393238908073807,-0.04155947232136296,1.2031510410616137,-0.30094033926474845,-0.05090271652268703
1724,0.0,0.0,-0.1522740277874877,1.6492874037202028,-0.3086643742901258,-0.06032236684187633,-1.148025042948881,1.254515009640136,0.6228834288557098,0.05272212943286622,-0.5730514871146949,-0.7914920584880161,-0.742481082457811,-0.194905676559348,-0.04155947232136296,0.3989816382980362,-0.21138404047489445,-0.05090271652268703
1725,1.0,0.0,-0.1522740277874877,0.9312639278357112,-0.3358051151451069,-0.06032236684187633,-0.27439255569134613,-0.6018225588637273,-0.6045079902076026,-0.9477363241096215,-0.1963156079554384,-0.5959604742699962,2.2528602364346995,-0.299802719050718,-0.04155947232136296,-0.3275407345444462,-0.28085685183254433,-0.05090271652268703
1726,1.0,0.0,-0.1522740277874877,1.7352006347975366,-0.3358051151451069,-0.06032236684187633,-0.27439255569134613,-0.7040418467986905,-0.7672636117468755,-0.9457320956918177,-0.2923696121712904,-0.13013137144319611,1.991842852216254,-0.299802719050718,-0.04155947232136296,-0.3275407345444462,0.8659757478794582,-0.05090271652268703
1727,1.0,0.0,-0.1522740277874877,0.06396931376453306,-0.3358051151451069,-0.06032236684187633,-0.27439255569134613,2.194053325126162,-0.37467854540652507,-0.22411099410476276,-1.0241775603169079,-0.7428281247985049,-0.6031334964890783,-0.299802719050718,-0.04155947232136296,-0.3275407345444462,0.9756243045955076,-0.05090271652268703
1728,0.0,0.0,-0.1522740277874877,-0.3162362762000624,0.1325904397662237,-0.06032236684187633,1.7863945130080072,1.9383919991611687,-0.8086193364420742,-0.2963633070206598,-0.2847957330461034,-0.1437428147186354,-0.5777897016077626,-0.1347306313507169,-0.04155947232136296,-0.8017453589756406,-0.30094033926474845,-0.05090271652268703
1729,1.0,0.0,-0.1522740277874877,-0.30260655979671075,-1.14281211749529,-0.06032236684187633,0.4966712018525122,-0.6959280584928199,0.6209054095392542,0.8797262103542247,-0.2154477450831559,-0.845759557868838,1.2401761763068262,0.6734181902003447,-0.04155947232136296,-0.12880148168195843,-0.2680695318364171,-0.05090271652268703
1730,0.0,0.0,-0.1522740277874877,0.9611097331879462,-0.3358051151451069,-0.06032236684187633,-0.27439255569134613,-0.6193370172068722,-0.6936868475485153,-0.98081303365311,-0.052005215475623576,-0.460385227372243,2.2161635274301354,-0.299802719050718,-0.04155947232136296,-0.3275407345444462,-0.07113086604573435,-0.05090271652268703
1731,0.0,0.0,-0.1522740277874877,-1.2086684648093597,-0.3358051151451069,-0.06032236684187633,-0.27439255569134613,-0.6359295396080658,2.2361081041612114,-0.2389841428998083,1.1114408940635734,-0.6203451185429179,-0.5287775238440795,-0.299802719050718,-0.04155947232136296,-0.3275407345444462,-0.1694123942176658,-0.05090271652268703
1732,0.0,0.0,-0.1522740277874877,1.0078090237713255,-0.3358051151451069,-0.06032236684187633,-0.27439255569134613,-0.6093696924460543,-0.6532638787826348,-0.9776864496340334,-0.116947975536568,-0.5263447946937759,2.2429596970960324,-0.299802719050718,-0.04155947232136296,-0.3275407345444462,-0.1950371492986092,-0.05090271652268703
1733,0.0,0.0,-0.1522740277874877,-0.3162362762000624,1.3158938461474254,-0.06032236684187633,-0.7835946594739674,-0.3892537190859742,2.1429786590886626,-0.2963633070206598,-0.2847957330461034,-0.5817248249735204,-0.7241313130359409,-0.24515716535023627,-0.04155947232136296,-0.2610496459445657,-0.30094033926474845,-0.05090271652268703
1734,0.0,0.0,-0.1522740277874877,-0.3162362762000624,-0.3828441346881418,-0.06032236684187633,1.4887802468110185,1.4823001802071913,-0.8467344857734653,-0.2963633070206598,-0.2847957330461034,0.3289816833857312,-0.6082259839298874,0.5281324472641349,-0.04155947232136296,-1.0583043412965623,-0.30094033926474845,-0.05090271652268703
1735,0.0,0.0,-0.1522740277874877,-0.3162362762000624,-0.36980391615294494,-0.06032236684187633,1.247590954306432,1.400437736419387,-0.8510066332249044,-0.2963633070206598,-0.2847957330461034,0.4102761219593422,-0.6082956741240007,0.807766858739206,-0.04155947232136296,-1.0821819872279477,-0.30094033926474845,-0.05090271652268703
1736,0.0,0.0,-0.1522740277874877,-0.9761303344169029,-0.3358051151451069,-0.06032236684187633,-0.27439255569134613,-0.8029526886118253,1.605506931487105,1.2683637294278483,-0.027886903292359603,-0.7374530535976194,0.2927247737225613,-0.299802719050718,-0.04155947232136296,-0.3275407345444462,-0.06544236293137631,-0.05090271652268703
1737,1.0,0.0,-0.1522740277874877,0.7791212800315976,-0.3358051151451069,-0.06032236684187633,-0.27439255569134613,2.047575257037074,-0.1723734111851156,-0.19176073064304766,-0.8504078210542513,-0.8022558952675081,-0.6106243334562733,-0.299802719050718,-0.04155947232136296,-0.3275407345444462,-0.08711603905380198,-0.05090271652268703
1738,1.0,0.0,-0.1522740277874877,-0.2227654655373995,-0.334355791767435,-0.06032236684187633,-0.17262254728240228,0.5955264361104387,-0.7650574544009848,-0.16433376422457752,1.3246743992907153,1.2246401243841711,-0.7459555051462449,1.392947308112354,-0.04155947232136296,-0.8622903935459815,-0.7509024796079885,-0.05090271652268703
1739,0.0,0.0,-0.1522740277874877,-0.07010057760531761,-0.3358051151451069,-0.06032236684187633,-0.27439255569134613,-0.17964271380889205,-0.7794530093643856,5.202923160364213,0.5251398971451156,1.9755195143570583,-0.730473301289849,-0.299802719050718,-0.04155947232136296,-0.3275407345444462,-1.0215149482848116,-0.05090271652268703
1740,1.0,0.0,-0.1522740277874877,-0.08173996266237132,-0.3358051151451069,-0.06032236684187633,-0.27439255569134613,2.2216624407868664,-0.42096111833551253,-0.16527597859096743,-0.8498262437477141,-0.7198130273864317,-0.5998349064685529,-0.299802719050718,-0.04155947232136296,-0.3275407345444462,1.5564891837508745,-0.05090271652268703
1741,0.0,0.0,-0.1522740277874877,-0.3162362762000624,1.1982323501591288,-0.06032236684187633,-0.5355339148570879,-0.5119214388655787,2.2134775382704612,-0.2963633070206598,-0.2847957330461034,-0.6001675108545992,-0.6441725491561118,-0.23589277573785752,-0.04155947232136296,-0.23720886238853026,-0.30094033926474845,-0.05090271652268703
1742,0.0,0.0,-0.1522740277874877,-0.2821458895468296,-0.3358051151451069,-0.06032236684187633,-0.27439255569134613,2.25714357998283,-0.5446958577258609,-0.2117817441865023,-0.8051013497104293,-0.6480321314885655,-0.5794183954610198,-0.299802719050718,-0.04155947232136296,-0.3275407345444462,1.9719850015682916,-0.05090271652268703
1743,1.0,0.0,-0.1522740277874877,4.379015602594456,-0.3358051151451069,-0.06032236684187633,-0.27439255569134613,-0.8299374368276452,-0.7444991925681478,-0.9817491032103454,-0.26023481364879464,-0.049257780537351435,1.9386911354196044,-0.299802719050718,-0.04155947232136296,-0.3275407345444462,1.0668931680520384,-0.05090271652268703
1744,1.0,0.0,-0.1522740277874877,-0.3162362762000624,-0.832374088498882,-0.06032236684187633,1.4034364774207198,-0.5076458786250198,-0.5549531332164933,-0.2963633070206598,-0.2847957330461034,-0.6587655779778513,-0.5832890992586498,-0.20275039709833093,-0.04155947232136296,-0.04728755422160293,-0.30094033926474845,-0.05090271652268703
1745,1.0,0.0,-0.1522740277874877,-0.880311595581342,-0.9599358795680666,-0.06032236684187633,4.9887459219496435,-0.42810560485844007,-0.5379868254500435,0.8082817684940938,-0.21377018680419244,-0.7235681060825971,-0.5757595203709133,-0.2678165451350374,-0.04155947232136296,-0.06733679216097394,-0.1836539326949302,-0.05090271652268703
1746,1.0,0.0,-0.1522740277874877,0.2541488030513392,-0.3358051151451069,-0.06032236684187633,-0.27439255569134613,-0.6043540495972306,-0.6459342374007419,0.3316918313126674,-0.0034673721508840347,-0.5575777584758888,-0.5349044135663572,-0.299802719050718,-0.04155947232136296,-0.3275407345444462,-0.6548492210239062,-0.05090271652268703
1747,1.0,0.0,-0.1522740277874877,-0.19717272644898298,-0.1890966676232371,-0.06032236684187633,0.4739094867549946,1.0791631172791951,-0.8245723170765606,-0.21000698101482596,1.0243861714133828,0.736324500206464,-0.6708334261973153,1.146991423687824,-0.04155947232136296,-0.9656406377409529,-0.4410817465053372,-0.05090271652268703
1748,0.0,0.0,-0.1522740277874877,1.7726119709874155,-0.3358051151451069,-0.06032236684187633,-0.27439255569134613,1.5915764298130226,0.33910592287858266,-0.1279460139951008,-1.087630593579448,-0.7563900618761564,-0.8046152504420919,-0.299802719050718,-0.04155947232136296,-0.3275407345444462,0.677893736674095,-0.05090271652268703
1749,1.0,0.0,-0.1522740277874877,-0.3162362762000624,-0.9817897290903898,-0.06032236684187633,0.011607834032906954,-0.6904423901938845,0.422805347937396,-0.2963633070206598,-0.2847957330461034,-0.8425457488305198,1.4388833979963995,1.1174897071418748,-0.04155947232136296,-0.36664831550432847,-0.30094033926474845,-0.05090271652268703
1792,1.0,0.0,-0.1522740277874877,-0.3162362762000624,-0.24665800189148746,-0.06032236684187633,-0.1942463657071085,-0.7480484754505539,-0.5762617664156993,-0.2963633070206598,-0.2847957330461034,2.0395593314701275,-0.34091981529320403,-0.5441426715722356,-0.04155947232136296,1.2606963640152067,-0.30094033926474845,-0.05090271652268703
1793,1.0,0.0,-0.1522740277874877,-0.3069123851213477,-0.3358051151451069,-0.06032236684187633,-0.27439255569134613,0.47194151690173297,-0.7284818300080332,-0.15412342203389562,1.4131620748760614,1.339376396699079,-0.7681168504343626,-0.299802719050718,-0.04155947232136296,-0.3275407345444462,-0.7502915127956247,-0.05090271652268703
1794,0.0,0.0,-0.1522740277874877,1.3174491373457717,-0.3358051151451069,-0.06032236684187633,-0.27439255569134613,1.9010640766090257,-0.0074668635551758105,0.05177296791860289,-0.9190935220065874,-0.8152368698572781,-0.648105582015619,-0.299802719050718,-0.04155947232136296,-0.3275407345444462,0.06099889315927872,-0.05090271652268703
1795,1.0,0.0,-0.1522740277874877,-0.3162362762000624,-0.39632159434036546,-0.06032236684187633,1.4365198090789442,1.4751637763751082,-0.828795574975493,-0.2963633070206598,-0.2847957330461034,0.32879176718948866,-0.638920729352399,0.1752491557313841,-0.04155947232136296,-1.0261616712937796,-0.30094033926474845,-0.05090271652268703
1796,1.0,0.0,-0.1522740277874877,-0.7529771773936104,-1.2056016082567056,-0.06032236684187633,2.9432186114627106,-0.6721618017898653,0.920574869530412,0.9549252351234501,-0.19728763658993015,-0.8614636649414164,0.9702935878306884,0.03840371999621698,-0.04155947232136296,-0.2392746634662441,-0.21272248213351866,-0.05090271652268703
1797,1.0,0.0,-0.1522740277874877,-0.3162362762000624,1.5985638180219142,-0.06032236684187633,-0.7805514870338813,-0.14521503427248475,1.9501572071488922,-0.2963633070206598,-0.2847957330461034,-0.6150853885998072,-0.7897091458515739,-0.27736832309524745,-0.04155947232136296,-0.14950015378185064,-0.30094033926474845,-0.05090271652268703
1798,0.0,0.0,-0.1522740277874877,-0.3162362762000624,-0.4954956058560841,-0.06032236684187633,-0.2433135934118107,-0.5914354876680781,-0.45673922461402955,-0.2963633070206598,-0.2847957330461034,-0.7157357198878707,2.2060803190892764,1.1467558324354628,-0.04155947232136296,-0.11759200744610981,-0.30094033926474845,-0.05090271652268703
1799,1.0,0.0,-0.1522740277874877,-0.3162362762000624,-1.0766896185142791,-0.06032236684187633,0.2693871299865087,-0.663897826745502,0.3775838174051741,-0.2963633070206598,-0.2847957330461034,-0.8565028728063766,1.4770698207851578,1.2090699798234519,-0.04155947232136296,-0.13337970893225234,-0.30094033926474845,-0.05090271652268703
1800,0.0,0.0,-0.1522740277874877,1.7259327067664556,-0.3358051151451069,-0.06032236684187633,-0.27439255569134613,1.6938663741589097,0.20667435249712238,0.07625319003943318,-0.8596880526435353,-0.8136782534232029,-0.6926514708297139,-0.299802719050718,-0.04155947232136296,-0.3275407345444462,0.0689759932248802,-0.05090271652268703
1801,0.0,0.0,-0.1522740277874877,-0.3162362762000624,0.1441569455560307,-0.06032236684187633,1.7720697233981615,1.6667716855218082,-0.8344474423789007,-0.2963633070206598,-0.2847957330461034,0.13824686376890258,-0.6020003873085297,0.11398267421258117,-0.04155947232136296,-0.9764104651334354,-0.30094033926474845,-0.05090271652268703
1802,0.0,0.0,-0.1522740277874877,1.3629474982501628,0.07216855480793977,-0.06032236684187633,-1.1795774974115372,0.9165218539650366,0.946714731423507,-0.08923697452095163,-0.42959819066726035,-0.7419096433568411,-0.7893062095326232,-0.007129425725524419,-0.04155947232136296,0.7087399648889563,-0.26754172546552474,-0.05090271652268703
1803,0.0,0.0,-0.1522740277874877,-1.0208331362754077,-1.171636869949737,-0.06032236684187633,3.6861863196038587,-0.7254582705505019,1.2522940793829251,1.1661510608173191,-0.11388160292470238,-0.8325025241996196,0.6490711519889706,-0.2646157424307027,-0.04155947232136296,-0.19881052242341876,-0.27128290285523116,-0.05090271652268703
1804,0.0,0.0,-0.1522740277874877,-0.3162362762000624,-0.2818445125935983,-0.06032236684187633,-0.2134106421760941,-0.6566697597084772,-0.5783915388722592,-0.2963633070206598,-0.2847957330461034,2.1358509025489294,-0.5150794430933695,-0.40276529148452084,-0.04155947232136296,1.1154564772626971,-0.30094033926474845,-0.05090271652268703
1805,0.0,0.0,-0.1522740277874877,-0.19009954156723083,-0.3358051151451069,-0.06032236684187633,-0.27439255569134613,2.2413170469871426,-0.4750591724448634,-0.2571576451764599,-1.0318421997909146,-0.6949765106132616,-0.5951539800214161,-0.299802719050718,-0.04155947232136296,-0.3275407345444462,2.0085372774893595,-0.05090271652268703
1806,0.0,0.0,-0.1522740277874877,-0.049317018690042465,-0.3358051151451069,-0.06032236684187633,-0.27439255569134613,0.3152251472104414,-0.7164263370492073,-0.08311014636552613,1.4342854845951094,1.4939679617102375,-0.7743345863042737,-0.299802719050718,-0.04155947232136296,-0.3275407345444462,-0.8718685438070285,-0.05090271652268703
1807,1.0,0.0,-0.1522740277874877,-0.3162362762000624,1.3789574113605396,-0.06032236684187633,-0.9259337930595821,0.34030116100824365,1.5006150392119426,-0.2963633070206598,-0.2847957330461034,-0.6977655114443512,-0.808694395319712,-0.19721477643565585,-0.04155947232136296,-0.1424242633957907,-0.30094033926474845,-0.05090271652268703
1808,1.0,0.0,-0.1522740277874877,1.2779809887230444,0.5533419964876141,-0.06032236684187633,-0.9831590262878563,0.7126416548546459,1.1533557101093175,-0.2531352230011247,-0.3371362999275492,-0.7053151417393242,-0.8161187120448714,-0.28421369711990535,-0.04155947232136296,0.8342222525585714,-0.2505187120387043,-0.05090271652268703
1809,0.0,0.0,-0.1522740277874877,-0.04150084220321842,-0.3358051151451069,-0.06032236684187633,-0.27439255569134613,0.5444732468804747,-0.9448238402315738,0.37615033322225183,1.369770369877973,1.3218117713683093,-0.602429503283215,-0.299802719050718,-0.04155947232136296,-0.3275407345444462,-1.6788528886822103,-0.05090271652268703
1810,1.0,0.0,-0.1522740277874877,-0.26884433804102514,-0.3358051151451069,-0.06032236684187633,-0.27439255569134613,-0.07099800710058231,-0.6684188266933774,0.5777244187383099,0.8597054342421836,1.8674900317321776,-0.7702885396739481,-0.299802719050718,-0.04155947232136296,-0.3275407345444462,-0.9509769198139093,-0.05090271652268703
1811,0.0,0.0,-0.1522740277874877,-0.3162362762000624,1.2874929558937183,-0.06032236684187633,-1.0430699333668032,0.39051626454395183,1.4702067181880245,-0.2963633070206598,-0.2847957330461034,-0.6175320166410944,-0.8460932215322579,-0.3468608949304393,-0.04155947232136296,0.9535955972583153,-0.30094033926474845,-0.05090271652268703
1812,0.0,0.0,-0.1522740277874877,-0.3162362762000624,-0.39471322185973745,-0.06032236684187633,1.7384697689397073,1.6672999887525053,-0.8420343841813807,-0.2963633070206598,-0.2847957330461034,0.1497727081956337,-0.5818734789469635,0.28253138348455176,-0.04155947232136296,-0.9808247631178992,-0.30094033926474845,-0.05090271652268703
1813,1.0,0.0,-0.1522740277874877,-0.3162362762000624,-0.2479316679391548,-0.06032236684187633,1.6116610256909252,2.054525056583825,-0.8237455140675941,-0.2963633070206598,-0.2847957330461034,-0.2575057364226098,-0.42659573396699674,0.03899575326130064,-0.04155947232136296,-1.5985148827236086,-0.30094033926474845,-0.05090271652268703
1814,1.0,0.0,-0.1522740277874877,0.46740323723542404,-0.3358051151451069,-0.06032236684187633,-0.27439255569134613,-0.6589640263351098,-0.5457943806147891,-0.5815642080597677,0.007451157181646818,-0.6164232175419659,-0.5119704388968369,-0.299802719050718,-0.04155947232136296,-0.3275407345444462,0.03823933944703405,-0.05090271652268703
1815,1.0,0.0,-0.1522740277874877,-0.3162362762000624,1.053232070341988,-0.06032236684187633,0.1558990112549263,-0.6636469929857957,-0.41160788150854205,-0.2963633070206598,-0.2847957330461034,-0.6186458051958315,-0.5551494360914095,-0.8041269782740607,-0.04155947232136296,0.05097066667842434,-0.30094033926474845,-0.05090271652268703
1816,1.0,0.0,-0.1522740277874877,0.24610835987426105,-0.3358051151451069,-0.06032236684187633,-0.27439255569134613,-0.6032602645945949,-0.6440341063677026,0.4707556197871585,-0.06170104436180646,-0.5583548125569688,-0.5392294643725886,-0.299802719050718,-0.04155947232136296,-0.3275407345444462,-0.6764558833654808,-0.05090271652268703
1817,1.0,0.0,-0.1522740277874877,-0.3162362762000624,-0.9893049169758975,-0.06032236684187633,0.23048071614644372,-0.6077523467691621,0.11528059977155297,-0.2963633070206598,-0.2847957330461034,-0.8624308743395795,1.7420005483379186,1.537677705141008,-0.04155947232136296,-0.13370263618040126,-0.30094033926474845,-0.05090271652268703
1818,0.0,0.0,-0.1522740277874877,-0.3162362762000624,-0.1456780031839009,-0.06032236684187633,1.4025276076639699,2.1806548004196884,-0.7298175575733099,-0.2963633070206598,-0.2847957330461034,-0.43147417256477905,-0.5211947999987503,-0.17287588840630747,-0.04155947232136296,-0.9914092097171313,-0.30094033926474845,-0.05090271652268703
1819,1.0,0.0,-0.1522740277874877,-0.3162362762000624,-0.4944612876890959,-0.06032236684187633,-0.16682649443501923,-0.6033900818509174,-0.3491398418446781,-0.2963633070206598,-0.2847957330461034,-0.7616369318339564,2.138498452373135,1.2266529718388626,-0.04155947232136296,-0.22748994883543688,-0.30094033926474845,-0.05090271652268703
1862,1.0,0.0,-0.1522740277874877,-0.32831816944356923,-0.3358051151451069,-0.06032236684187633,-0.27439255569134613,0.32192158139771077,-0.7126145577302264,-0.04614382375832329,1.4380875484542306,1.493053567757232,-0.7714538645540115,-0.299802719050718,-0.04155947232136296,-0.3275407345444462,-0.8851863202799786,-0.05090271652268703
1863,1.0,0.0,-0.1522740277874877,0.35464145386240453,-0.3358051151451069,-0.06032236684187633,-0.27439255569134613,-0.644554243925689,-0.7657693371124844,-0.9340160565226144,-0.26925365130814605,-0.2378540036133329,2.068653113123174,-0.299802719050718,-0.04155947232136296,-0.3275407345444462,0.5896870023760192,-0.05090271652268703
1864,0.0,0.0,-0.1522740277874877,-1.081560003717623,-0.3358051151451069,-0.06032236684187633,-0.27439255569134613,-0.8085046108068321,1.8525557719054786,0.9881132724858329,0.025113831817193476,-0.6914503594062555,0.03847380080587105,-0.299802719050718,-0.04155947232136296,-0.3275407345444462,0.12280998218237636,-0.05090271652268703
1865,1.0,0.0,-0.1522740277874877,-0.21436189966684097,0.4008108624717727,-0.06032236684187633,-0.2719860408602349,-0.8341979375277796,-0.6810419535744786,-0.2862037065432096,-0.2837528238776311,1.1611698547609302,0.6338154314704899,-1.0404551958327934,-0.04155947232136296,0.6630178676690301,1.113604574864379,-0.05090271652268703
1866,1.0,0.0,-0.1522740277874877,1.2795785127173,0.49789783985244745,-0.06032236684187633,-1.1570959650606778,0.7140368842025735,1.1564685990997392,-0.2547807157161896,-0.4138248573114362,-0.6525013487781972,-0.8415029045694423,-0.26503962911288886,-0.04155947232136296,1.9945444238247418,-0.21033243113412467,-0.05090271652268703
1867,1.0,0.0,-0.1522740277874877,0.7707653151180194,-0.3358051151451069,-0.06032236684187633,-0.27439255569134613,2.0475347996443265,-0.16793742588995578,-0.29224384177038226,-0.9781690509516204,-0.7948665548099103,-0.6340836426913612,-0.299802719050718,-0.04155947232136296,-0.3275407345444462,0.6348388859387106,-0.05090271652268703
1868,0.0,0.0,-0.1522740277874877,0.7357569134818064,-0.3358051151451069,-0.06032236684187633,-0.27439255569134613,2.0713124204744,-0.20025735456648455,0.018467213263081324,-0.9848180322100092,-0.7891636928482749,-0.6306640145886582,-0.299802719050718,-0.04155947232136296,-0.3275407345444462,0.6376761163366175,-0.05090271652268703
1869,1.0,0.0,-0.1522740277874877,-0.3162362762000624,-0.5159607865050618,-0.06032236684187633,-0.17205487100549527,-0.5948978103796921,-0.40584901130519224,-0.2963633070206598,-0.2847957330461034,-0.7413513046597853,2.175257456139371,1.190035755407577,-0.04155947232136296,-0.14051852802376813,-0.30094033926474845,-0.05090271652268703
1870,0.0,0.0,-0.1522740277874877,0.17948953310752822,-0.3358051151451069,-0.06032236684187633,-0.27439255569134613,0.1658297826126242,-0.697353369087684,0.038752259743058536,1.3387811179364972,1.6396297258302277,-0.7792482077367888,-0.299802719050718,-0.04155947232136296,-0.3275407345444462,-0.9511782468311714,-0.05090271652268703
1871,0.0,0.0,-0.1522740277874877,0.30371672308750997,-0.3358051151451069,-0.06032236684187633,-0.27439255569134613,-0.7052860755547574,-0.7877631454996301,-0.869957305988713,0.11322850234489182,0.061439293696722075,1.8000940333610995,-0.299802719050718,-0.04155947232136296,-0.3275407345444462,1.390917560477719,-0.05090271652268703
1872,0.0,0.0,-0.1522740277874877,-0.2949061152385733,0.6437295222429111,-0.06032236684187633,0.11179234673073869,-0.8276990481539526,-0.6986907852709455,-0.3678638125487719,-0.14350256237078093,1.0041232950366703,0.7992254797857884,-1.0744579628527384,-0.04155947232136296,0.3062131716680737,1.1512585734097998,-0.05090271652268703
1873,0.0,0.0,-0.1522740277874877,-0.17782733928122463,-0.3358051151451069,-0.06032236684187633,-0.27439255569134613,-0.43562645716489545,-0.6238792034969468,2.3402508160763937,-0.08223031934538591,2.1147025162514437,-0.6820771584162332,-0.299802719050718,-0.04155947232136296,-0.3275407345444462,-1.1259183699935986,-0.05090271652268703
1874,0.0,0.0,-0.1522740277874877,-0.21553461841931976,1.7676160718889544,-0.06032236684187633,-0.22170621575842592,-0.8151667659078486,-0.7163257699947879,-0.5988213241979722,-0.20284878535001977,0.7371991615749108,1.0935221116322413,-1.1041401642130262,-0.04155947232136296,-0.08146450960915473,1.3204244230461717,-0.05090271652268703
1875,0.0,0.0,-0.1522740277874877,0.25669892200901234,-0.3358051151451069,-0.06032236684187633,-0.27439255569134613,-0.7529911450935892,-0.771718224695179,-0.8602291626848573,-0.29481021888361525,0.24275354938691135,1.621873855970232,-0.299802719050718,-0.04155947232136296,-0.3275407345444462,1.5730654512390627,-0.05090271652268703
1876,0.0,0.0,-0.1522740277874877,-0.3162362762000624,-0.14238757219837272,-0.06032236684187633,0.003492765514539281,-0.8318895799120127,-0.6003311397688426,-0.2963633070206598,-0.2847957330461034,1.778139058443749,-0.024234086488467216,-0.7862216828490652,-0.04155947232136296,1.56523552688947,-0.30094033926474845,-0.05090271652268703
1877,1.0,0.0,-0.1522740277874877,-0.34111767639051366,-1.0043753556904707,-0.06032236684187633,-0.016566989217177776,-0.7443230422121442,0.7913708107797893,0.9040890129090704,-0.19692384676621455,-0.814483758793564,1.0776437469429485,0.29375600445799305,-0.04155947232136296,-0.1876123274202561,-0.2294596593837153,-0.05090271652268703
1878,1.0,0.0,-0.1522740277874877,-0.3162362762000624,-0.3326090581800929,-0.06032236684187633,1.8119814163683416,1.7419788831720642,-0.835072580464343,-0.2963633070206598,-0.2847957330461034,0.07138792690756532,-0.5922931126244713,0.07560004927162119,-0.04155947232136296,-0.9240034120159788,-0.30094033926474845,-0.05090271652268703
1879,0.0,0.0,-0.1522740277874877,-1.343244863827372,-0.3358051151451069,-0.06032236684187633,-0.27439255569134613,-0.7456392131845014,1.8635463297489618,0.974132863073914,3.3359671706379856,-0.8759815314981586,0.07657017524324908,-0.299802719050718,-0.04155947232136296,-0.3275407345444462,-0.09122262474004493,-0.05090271652268703
1880,1.0,0.0,-0.1522740277874877,-0.3162362762000624,-1.0282771703501006,-0.06032236684187633,0.5214371528772289,-0.6281897873777653,0.31051463680331487,-0.2963633070206598,-0.2847957330461034,-0.8620931305596112,1.5574437984325755,1.328009984812377,-0.04155947232136296,-0.31488645028672446,-0.30094033926474845,-0.05090271652268703
1881,0.0,0.0,-0.1522740277874877,-0.2147757823208202,1.8574544562938475,-0.06032236684187633,-0.25558376408972405,-0.8664047106880661,-0.6277546869974312,-0.35820179826566456,-0.24830301785102257,1.1303872599475604,0.6895559807008805,-0.9375421918593884,-0.04155947232136296,0.5552506215778646,1.1241856225784752,-0.05090271652268703
1882,0.0,0.0,-0.1522740277874877,-0.3627497675453662,-0.3358051151451069,-0.06032236684187633,-0.27439255569134613,-0.040330025177517555,-0.6765960781750611,0.5994399756113432,0.9403797840790611,1.838866177224884,-0.7709864774413581,-0.299802719050718,-0.04155947232136296,-0.3275407345444462,-0.957950077788477,-0.05090271652268703
1883,1.0,0.0,-0.1522740277874877,7.3998615339225555,-0.3358051151451069,-0.06032236684187633,-0.27439255569134613,-0.7466606849785605,-0.7325575564184861,-0.8521429129390498,-0.1852804343882759,-0.3038690893726964,2.138775834887033,-0.299802719050718,-0.04155947232136296,-0.3275407345444462,0.3164630190505416,-0.05090271652268703
1884,1.0,0.0,-0.1522740277874877,-0.9752581599171743,-0.3358051151451069,-0.06032236684187633,-0.27439255569134613,-0.5897806485799487,-0.5389186567756085,-0.2727192810283684,1.8047611853837153,-0.6444289676258969,-0.5727907691639315,-0.299802719050718,-0.04155947232136296,-0.3275407345444462,-0.11325543639944544,-0.05090271652268703
1885,1.0,0.0,-0.1522740277874877,-0.3162362762000624,-0.9628248483388593,-0.06032236684187633,0.4773198728235995,-0.4438470734921926,-0.5728632797666678,-0.2963633070206598,-0.2847957330461034,-0.6615850971529522,-0.5768442217454924,0.2954416322156631,-0.04155947232136296,0.02686075868569141,-0.30094033926474845,-0.05090271652268703
1886,1.0,0.0,-0.1522740277874877,-0.9498643839788092,-0.3358051151451069,-0.06032236684187633,-0.27439255569134613,-0.58430248651428,-0.541079505972597,-0.24590855004084924,1.6114691216194532,-0.6505188419309323,-0.5740783983957046,-0.299802719050718,-0.04155947232136296,-0.3275407345444462,0.012614783578512976,-0.05090271652268703
1887,1.0,0.0,-0.1522740277874877,-0.3162362762000624,-0.7925628187736239,-0.06032236684187633,-0.08422091723804061,-0.5841447108112023,-0.22927144071723088,-0.2963633070206598,-0.2847957330461034,-0.8084053641865392,2.049467357436248,1.3615027261447692,-0.04155947232136296,-0.09696830488819379,-0.30094033926474845,-0.05090271652268703
1888,0.0,0.0,-0.1522740277874877,-0.3162362762000624,1.49833333485326,-0.06032236684187633,-1.1860161631758088,0.2767297751587997,1.5855239816317965,-0.2963633070206598,-0.2847957330461034,-0.5337463743940831,-0.8850376844809493,-0.13470668411844067,-0.04155947232136296,1.346895689061925,-0.30094033926474845,-0.05090271652268703
1889,1.0,0.0,-0.1522740277874877,-0.3162362762000624,-0.23626237523883747,-0.06032236684187633,-0.166665161956004,-0.7277601622580742,-0.5863144565119802,-0.2963633070206598,-0.2847957330461034,2.0744705174518323,-0.39282837080644345,-0.4008831724918947,-0.04155947232136296,1.1858989571181353,-0.30094033926474845,-0.05090271652268703
1932,1.0,0.0,-0.1522740277874877,-0.19272793883862196,-0.3358051151451069,-0.06032236684187633,-0.27439255569134613,2.2534906714491294,-0.5180704337686933,-0.1684007830988653,-1.0208500095304343,-0.6660766496289541,-0.579604205020661,-0.299802719050718,-0.04155947232136296,-0.3275407345444462,1.0547571018364417,-0.05090271652268703
1933,1.0,0.0,-0.1522740277874877,0.7873344944417993,-0.3358051151451069,-0.06032236684187633,-0.27439255569134613,2.046733190864687,-0.16929256319185254,-0.29284949591129966,-0.9716952031023998,-0.7967901246253574,-0.6240462026570555,-0.299802719050718,-0.04155947232136296,-0.3275407345444462,0.27275500061829605,-0.05090271652268703
1934,0.0,0.0,-0.1522740277874877,-0.10611447195613423,0.016918391820657505,-0.06032236684187633,0.31753429025973323,1.0283335676511107,-0.8009398221676143,-0.2771527990239951,1.045220746482454,0.7692142552870768,-0.7073771820037204,0.2558459277420188,-0.04155947232136296,-1.1292916257447658,-0.370190171647981,-0.05090271652268703
1935,1.0,0.0,-0.1522740277874877,-0.21530301813428512,0.47648506744110974,-0.06032236684187633,-0.24293210800300966,-0.8280882540504685,-0.6920291670384574,-0.32374491200431776,-0.26670487552723077,1.0827414032364442,0.7167810886629223,-1.0576877919534122,-0.04155947232136296,0.4637908876742982,1.1297773321851505,-0.05090271652268703
1936,1.0,0.0,-0.1522740277874877,-1.2291043199267875,-0.3358051151451069,-0.06032236684187633,-0.27439255569134613,-0.7272348951410842,2.1743971297815636,-0.016118410378785107,2.3522019251440414,-0.6624562343203323,-0.3532951963974959,-0.299802719050718,-0.04155947232136296,-0.3275407345444462,-0.2118947048380708,-0.05090271652268703
1937,1.0,0.0,-0.1522740277874877,-0.3046546069018624,-0.3186240585733742,-0.06032236684187633,0.7124309442711819,1.1965682582331514,-0.8218510872539994,-0.2206774818976205,1.0049673070088254,0.608670757452905,-0.6643334185559318,0.6565944698186665,-0.04155947232136296,-1.1013439585234766,-0.3206126401326042,-0.05090271652268703
1938,0.0,0.0,-0.1522740277874877,-0.3162362762000624,-0.268805750696237,-0.06032236684187633,0.10714587694514575,-0.7671769671919643,-0.5776097605046607,-0.2963633070206598,-0.2847957330461034,2.019107924305251,-0.31265965979531707,-0.577739613354578,-0.04155947232136296,1.2942058287267648,-0.30094033926474845,-0.05090271652268703
1939,1.0,0.0,-0.1522740277874877,-0.3162362762000624,-0.12152875729167442,-0.06032236684187633,1.4525986193266303,2.16205212547856,-0.7270731855014824,-0.2963633070206598,-0.2847957330461034,-0.412680689040151,-0.5710035507436702,-0.20662754474478154,-0.04155947232136296,-0.5227799048786231,-0.30094033926474845,-0.05090271652268703
1940,0.0,0.0,-0.1522740277874877,-0.3162362762000624,0.14470071357847752,-0.06032236684187633,1.7994468632483533,1.7006242533817422,-0.834069000871208,-0.2963633070206598,-0.2847957330461034,0.10126967301248517,-0.6050903608426723,0.026393316872593817,-0.04155947232136296,-0.9434018730653115,-0.30094033926474845,-0.05090271652268703
1941,0.0,0.0,-0.1522740277874877,-0.3162362762000624,0.3984938985456421,-0.06032236684187633,0.1978860475303017,-0.8537652877828095,-0.6403678854006308,-0.2963633070206598,-0.2847957330461034,1.3558685341862318,0.4297228823847939,-1.0032763776485498,-0.04155947232136296,1.1626028293009314,-0.30094033926474845,-0.05090271652268703
1942,0.0,0.0,-0.1522740277874877,0.15574825448725,-0.3358051151451069,-0.06032236684187633,-0.27439255569134613,-0.007213335885478249,-0.6673465105599041,0.17648423853032325,1.047788107915779,1.804362990068905,-0.7768355270684384,-0.299802719050718,-0.04155947232136296,-0.3275407345444462,-1.0143329397398009,-0.05090271652268703
1943,0.0,0.0,-0.1522740277874877,-0.3162362762000624,1.506724302756928,-0.06032236684187633,-0.30516699823902455,-0.8803356909424243,-0.591264556826872,-0.2963633070206598,-0.2847957330461034,1.2828188054419762,0.516711668273318,-1.0618621390466323,-0.04155947232136296,0.9605605559978777,-0.30094033926474845,-0.05090271652268703
1944,0.0,0.0,-0.1522740277874877,1.723910283340401,-0.3358051151451069,-0.06032236684187633,-0.27439255569134613,1.3378607056155625,0.55790168057141,-0.25451667695463537,-0.7560986910958998,-0.7744944600012211,-0.7583063605811171,-0.299802719050718,-0.04155947232136296,-0.3275407345444462,-0.1039091795527155,-0.05090271652268703
1945,0.0,0.0,-0.1522740277874877,-0.3066980962746711,-1.1601779834668067,-0.06032236684187633,1.3613473887266774,-0.6555979683217106,0.6243288057699945,0.8797256739994087,-0.24314029777774182,-0.8686774479846684,1.2459861421007228,0.6616208523106417,-0.04155947232136296,-0.3331898232234312,-0.26919549629961853,-0.05090271652268703
1946,0.0,0.0,-0.1522740277874877,-0.058491054046388734,-0.3358051151451069,-0.06032236684187633,-0.27439255569134613,-0.7375553826820302,-0.7821880149614986,-0.7527994536604549,-0.06439053635812185,0.30700306014413664,1.5429372151201084,-0.299802719050718,-0.04155947232136296,-0.3275407345444462,1.6004457729727777,-0.05090271652268703
1947,1.0,0.0,-0.1522740277874877,0.2507743967663547,-0.3358051151451069,-0.06032236684187633,-0.27439255569134613,2.1598965745558685,-0.3223647751265875,-0.17891877065028253,-0.8550063437155908,-0.7658647765382267,-0.5926268486760597,-0.299802719050718,-0.04155947232136296,-0.3275407345444462,-0.06318563775838473,-0.05090271652268703
1948,1.0,0.0,-0.1522740277874877,-0.2405783397804719,1.2401926627863362,-0.06032236684187633,-0.22621223251646502,-0.8205444414696575,-0.7132387609409633,-0.49368284780413163,-0.19069915953537023,0.8525379459814257,0.9739318536903635,-0.9120137013609199,-0.04155947232136296,0.01806307080396191,1.2115705286447918,-0.05090271652268703
1949,0.0,0.0,-0.1522740277874877,-0.3162362762000624,-1.4875845942191683,-0.06032236684187633,2.697638145488973,-0.371462341338256,0.2489754606486064,-0.2963633070206598,-0.2847957330461034,-0.9691751199442846,1.6428577305997063,1.4318304384662042,-0.04155947232136296,-0.11079179325696849,-0.30094033926474845,-0.05090271652268703
1950,1.0,0.0,-0.1522740277874877,1.0932901945359077,-0.3358051151451069,-0.06032236684187633,-0.27439255569134613,-0.667170047931071,-0.7690188026584548,-0.8317285995489649,-0.21697095713533202,-0.19911575646178648,2.045847152592644,-0.299802719050718,-0.04155947232136296,-0.3275407345444462,0.6695507993349678,-0.05090271652268703
1951,0.0,0.0,-0.1522740277874877,-0.3162362762000624,0.811155941859272,-0.06032236684187633,-1.0118171391331172,0.5951918455338084,1.2754303553409119,-0.2963633070206598,-0.2847957330461034,-0.6441359125896698,-0.8427588297850196,-0.3065248425066108,-0.04155947232136296,1.5087881263788283,-0.30094033926474845,-0.05090271652268703
1952,0.0,0.0,-0.1522740277874877,-0.3162362762000624,-0.1704253820308384,-0.06032236684187633,-0.2006715628037445,-0.7988817484358837,-0.5647708504290238,-0.2963633070206598,-0.2847957330461034,1.949451533067487,-0.21425596861397472,-0.759936644425317,-0.04155947232136296,1.3759062010916374,-0.30094033926474845,-0.05090271652268703
1953,1.0,0.0,-0.1522740277874877,-0.3162362762000624,-0.2948291118451291,-0.06032236684187633,1.808814703356213,1.849973647416057,-0.8935688663535323,-0.2963633070206598,-0.2847957330461034,-0.021531705817879776,-0.38887899568965295,0.8005284760486475,-0.04155947232136296,-1.541226491805613,-0.30094033926474845,-0.05090271652268703
1954,1.0,0.0,-0.1522740277874877,-0.3162362762000624,-0.02041360089255852,-0.06032236684187633,0.41031795731783915,-0.5999543893390142,-0.6094433126957426,-0.2963633070206598,-0.2847957330461034,-0.6066623656097129,-0.5011438149916714,0.0301079941440243,-0.04155947232136296,-0.6464331980377391,-0.30094033926474845,-0.05090271652268703
1955,1.0,0.0,-0.1522740277874877,-0.3162362762000624,0.07585375374147219,-0.06032236684187633,0.14520900201598225,-0.603346493950939,-0.6490529975992458,-0.2963633070206598,-0.2847957330461034,-0.5954438954402044,-0.40070308142632666,0.97499858439835,-0.04155947232136296,-0.8456823379044696,-0.30094033926474845,-0.05090271652268703
1956,1.0,0.0,-0.1522740277874877,-0.3162362762000624,0.1605641060653676,-0.06032236684187633,-0.10575832010061022,-0.6130738318424857,-0.6298178964458142,-0.2963633070206598,-0.2847957330461034,-0.5886877669459889,-0.48282862745062494,0.9537319841659473,-0.04155947232136296,-0.7610323087704441,-0.30094033926474845,-0.05090271652268703
1957,1.0,0.0,-0.1522740277874877,-0.3162362762000624,-0.4041866600710595,-0.06032236684187633,-0.16509946305156478,-0.5922573179685204,-0.5463139409423027,-0.2963633070206598,-0.2847957330461034,-0.6527924095039619,2.244590925905655,1.094588035032931,-0.04155947232136296,-0.2614622797563599,-0.30094033926474845,-0.05090271652268703
1958,0.0,0.0,-0.1522740277874877,0.42526988830489887,-0.3358051151451069,-0.06032236684187633,-0.27439255569134613,-0.849502357697039,-0.7103398396109624,-1.0491216077195042,-0.08263878461311443,0.40186120182383483,1.4773625141758833,-0.299802719050718,-0.04155947232136296,-0.3275407345444462,1.5638104940482978,-0.05090271652268703
1959,1.0,0.0,-0.1522740277874877,-0.997339939212268,-0.3358051151451069,-0.06032236684187633,-0.27439255569134613,-0.6841733262268175,2.220798049061917,-0.2025602224353171,0.10154263826356383,-0.6189924554623013,-0.4675114663544608,-0.299802719050718,-0.04155947232136296,-0.3275407345444462,-0.21700759506283943,-0.05090271652268703
2002,1.0,0.0,-0.1522740277874877,-0.15463448811510722,1.1526944496385196,-0.06032236684187633,-0.12094714669207962,-0.7660446611812285,-0.7570663050780612,-0.643287140205784,-0.241272468500603,0.5396349357813528,1.3011590016930357,-1.0459297629933044,-0.04155947232136296,-0.25095122312294976,1.4944049399922847,-0.05090271652268703
2003,1.0,0.0,-0.1522740277874877,-0.07336827261881003,-0.3358051151451069,-0.06032236684187633,-0.27439255569134613,-0.7273512054391263,-0.7868364646270359,-0.7337933139161325,-0.3083196057269303,0.3095251811140664,1.5424350601132317,-0.299802719050718,-0.04155947232136296,-0.3275407345444462,1.5995965944575294,-0.05090271652268703
2004,0.0,0.0,-0.1522740277874877,-0.3098047362524565,0.18002103100211514,-0.06032236684187633,0.14672905243774156,-0.8318730938799676,-0.6963501536614306,-0.2978165943121572,-0.2278409859667122,1.118020954829397,0.673441262108637,-1.0457390031025608,-0.04155947232136296,0.5844994263765124,1.1214743327626582,-0.05090271652268703
2005,1.0,0.0,-0.1522740277874877,-0.3162362762000624,-0.28406767180678294,-0.06032236684187633,1.6385392136692696,2.0502460410639536,-0.7757447301766706,-0.2963633070206598,-0.2847957330461034,-0.2701285504906969,-0.5773808774217686,-0.18054950428554634,-0.04155947232136296,-0.6581438695796045,-0.30094033926474845,-0.05090271652268703
2006,1.0,0.0,-0.1522740277874877,-0.9958112886498498,-1.1886122492767988,-0.06032236684187633,3.5589739703801895,-0.7202506747861466,1.2123985902212944,1.1364633927622507,-0.11222678402616111,-0.8334150752160142,0.6925675124885252,-0.2678749234077753,-0.04155947232136296,-0.22427544932982868,-0.2243342789766505,-0.05090271652268703
2007,1.0,0.0,-0.1522740277874877,-0.3162362762000624,-1.1115619675124064,-0.06032236684187633,0.5371893134339051,-0.6621129729031855,0.4589325380785109,-0.2963633070206598,-0.2847957330461034,-0.8567927628937345,1.4007789378524407,1.0390897817703455,-0.04155947232136296,-0.36845403034364077,-0.30094033926474845,-0.05090271652268703
2008,0.0,0.0,-0.1522740277874877,-0.3162362762000624,-0.3303397847560331,-0.06032236684187633,-0.21051142192993455,-0.6195537175331611,-0.5842401143905146,-0.2963633070206598,-0.2847957330461034,2.146810942276604,-0.5564626378647439,-0.31370018532834204,-0.04155947232136296,1.0977786794715962,-0.30094033926474845,-0.05090271652268703
2009,1.0,0.0,-0.1522740277874877,-0.07124585147935526,-0.3358051151451069,-0.06032236684187633,-0.27439255569134613,2.2212289135146914,-0.4280134879166727,-0.15253856905477348,-1.0310909106677817,-0.7209841607251304,-0.5925271245967074,-0.299802719050718,-0.04155947232136296,-0.3275407345444462,0.6967593567301239,-0.05090271652268703
2010,0.0,0.0,-0.1522740277874877,-0.3162362762000624,0.13307788036041882,-0.06032236684187633,1.6690211071515162,1.589009230444996,-0.8378520542268326,-0.2963633070206598,-0.2847957330461034,0.2132176219793118,-0.6180778406107225,0.12283361464954097,-0.04155947232136296,-0.9927289400079664,-0.30094033926474845,-0.05090271652268703
2011,0.0,0.0,-0.1522740277874877,-0.3162362762000624,0.13164165009808065,-0.06032236684187633,1.615057020937693,1.5539311985339352,-0.837514798319474,-0.2963633070206598,-0.2847957330461034,0.2513489845763796,-0.6151892148002394,0.2370021406072584,-0.04155947232136296,-1.0177682275949456,-0.30094033926474845,-0.05090271652268703
2012,0.0,0.0,-0.1522740277874877,-0.3162362762000624,1.6857637667803584,-0.06032236684187633,-0.9095458022436137,0.06539105844481112,1.7587853545485568,-0.2963633070206598,-0.2847957330461034,-0.6383089306425532,-0.8136883322975839,0.14684093306263526,-0.04155947232136296,-0.0582607203154776,-0.30094033926474845,-0.05090271652268703
2013,0.0,0.0,-0.1522740277874877,-0.3162362762000624,-0.3861757987988613,-0.06032236684187633,1.8282720275260167,1.775897467253435,-0.8476683202072969,-0.2963633070206598,-0.2847957330461034,0.03346714905837637,-0.5371958758293423,0.2909280114295949,-0.04155947232136296,-1.0745599257828589,-0.30094033926474845,-0.05090271652268703
2014,0.0,0.0,-0.1522740277874877,-0.3162362762000624,-1.082110545939734,-0.06032236684187633,0.4600135023339765,-0.6190423909291649,0.260343918879812,-0.2963633070206598,-0.2847957330461034,-0.8699257179873915,1.5987839130308992,1.4285690501347854,-0.04155947232136296,-0.37151897561745295,-0.30094033926474845,-0.05090271652268703
2015,0.0,0.0,-0.1522740277874877,-0.10626299884074929,2.3014445907201515,-0.06032236684187633,-0.2561048116945416,-0.7980027395135272,-0.7375884904010448,-0.7401860798961597,-0.21576458937617327,0.5421896827015269,1.3048145307914385,-1.0459369243379084,-0.04155947232136296,-0.3120467300979933,1.4905149801924098,-0.05090271652268703
2016,0.0,0.0,-0.1522740277874877,-0.3162362762000624,1.2620863615866138,-0.06032236684187633,-0.4421948003087321,-0.4436870658978711,2.1759442254199337,-0.2963633070206598,-0.2847957330461034,-0.609122268820852,-0.6911968261990066,-0.15221972237486925,-0.04155947232136296,-0.30398532133099326,-0.30094033926474845,-0.05090271652268703
2017,1.0,0.0,-0.1522740277874877,-0.062347617253760194,-0.3358051151451069,-0.06032236684187633,-0.27439255569134613,-0.62391715612328,-0.7568255120107448,-0.8185937882282538,-0.16028298998156,-0.30015045628872294,2.1153967127370064,-0.299802719050718,-0.04155947232136296,-0.3275407345444462,0.38788782434754754,-0.05090271652268703
2018,1.0,0.0,-0.1522740277874877,-1.0323513830336841,-0.3358051151451069,-0.06032236684187633,-0.27439255569134613,-0.7967781951832376,1.9750182266232053,0.7070183172778137,0.5627833030288094,-0.6866679985268346,-0.08885712186941411,-0.299802719050718,-0.04155947232136296,-0.3275407345444462,-0.31097952715484056,-0.05090271652268703
2019,0.0,0.0,-0.1522740277874877,-0.3162362762000624,1.295117633520395,-0.06032236684187633,-1.6236201579061198,-0.3827213368385836,2.1443459500471795,-0.2963633070206598,-0.2847957330461034,-0.4975362181691757,-0.7489735375880495,-0.11403446880083136,-0.04155947232136296,-0.1708923016623187,-0.30094033926474845,-0.05090271652268703
2020,1.0,0.0,-0.1522740277874877,-0.3162362762000624,1.591090873166926,-0.06032236684187633,-0.9845938932164165,0.19042586833184486,1.654234684685883,-0.2963633070206598,-0.2847957330461034,-0.6300596710005802,-0.8246764303387925,-0.2844598361612867,-0.04155947232136296,0.22156484433972393,-0.30094033926474845,-0.05090271652268703
2021,0.0,0.0,-0.1522740277874877,-1.1010260884294711,-0.3358051151451069,-0.06032236684187633,-0.27439255569134613,-0.7921796560589209,1.7573062589938175,1.1288844787999788,0.6169078709739754,-0.7530562678500585,0.16203611534933252,-0.299802719050718,-0.04155947232136296,-0.3275407345444462,-0.35403065922630433,-0.05090271652268703
2022,0.0,0.0,-0.1522740277874877,1.6223270515829813,-0.31406222320007904,-0.06032236684187633,-0.8935445539724082,1.2649743894432242,0.6330404289308683,-0.24989748402705694,-0.7362858672984738,-0.764416391804827,-0.7675328661976519,-0.20423268154941882,-0.04155947232136296,1.9737424807056212,-0.12423284700173712,-0.05090271652268703
2023,1.0,0.0,-0.1522740277874877,-1.0506807624979349,-0.3358051151451069,-0.06032236684187633,-0.27439255569134613,-0.7420356998844441,2.142434222656961,0.14570531504138953,6.279634762338513,-0.7462218448204792,-0.2871650606341731,-0.299802719050718,-0.04155947232136296,-0.3275407345444462,-0.18112610312663593,-0.05090271652268703
2024,1.0,0.0,-0.1522740277874877,-0.0058523944870751176,-0.3358051151451069,-0.06032236684187633,-0.27439255569134613,-0.5979689595492099,-0.6338674306590432,0.9695581828407981,-0.1965090739800654,-0.5582839149408722,-0.5536652433302366,-0.299802719050718,-0.04155947232136296,-0.3275407345444462,-0.7701795785475107,-0.05090271652268703
2025,1.0,0.0,-0.1522740277874877,-0.22094006804697075,-0.031537397678269734,-0.06032236684187633,-0.22646555544467473,-0.6011887091726993,-0.6920286054790376,-0.23414851776065698,0.9677853668270152,-0.5712431973167487,-0.39954870327636755,3.9240999368277767,-0.04155947232136296,-0.8956297755411042,-0.679913223157872,-0.05090271652268703
2026,1.0,0.0,-0.1522740277874877,0.2541488030513392,-0.3358051151451069,-0.06032236684187633,-0.27439255569134613,-0.6043540495972306,-0.6459342374007419,0.3316918313126674,-0.0034673721508840347,-0.5575777584758888,-0.5349044135663572,-0.299802719050718,-0.04155947232136296,-0.3275407345444462,-0.6548492210239062,-0.05090271652268703
2027,1.0,0.0,-0.1522740277874877,-0.3162362762000624,-0.12307139108947163,-0.06032236684187633,1.8295030008211808,1.7771369298789121,-0.8354595777439063,-0.2963633070206598,-0.2847957330461034,0.03548777911597428,-0.5797353803484823,0.10306816940238227,-0.04155947232136296,-0.9323839768191436,-0.30094033926474845,-0.05090271652268703
2028,0.0,0.0,-0.1522740277874877,0.9137028841509498,-0.3358051151451069,-0.06032236684187633,-0.27439255569134613,-0.8251229533839742,-0.7358894357757827,-1.0235235085918073,-0.10776772863859074,0.25436668488937697,1.6306866273719063,-0.299802719050718,-0.04155947232136296,-0.3275407345444462,1.558481475189704,-0.05090271652268703
2029,1.0,0.0,-0.1522740277874877,-0.3162362762000624,-0.36172446449560414,-0.06032236684187633,1.799335767855782,1.737843440442725,-0.8183540574975552,-0.2963633070206598,-0.2847957330461034,0.06968442984631354,-0.625318357715438,-0.12310700082975781,-0.04155947232136296,-0.8374695077215761,-0.30094033926474845,-0.05090271652268703
2072,1.0,0.0,-0.1522740277874877,1.1692986097663194,-0.3358051151451069,-0.06032236684187633,-0.27439255569134613,-0.6067936166360488,-0.6531984599621242,-0.9775583728425064,-0.14331985098206343,-0.5265589239109623,2.2428324963922877,-0.299802719050718,-0.04155947232136296,-0.3275407345444462,-0.1637369593041339,-0.05090271652268703
2073,1.0,0.0,-0.1522740277874877,-0.3162362762000624,1.387899976746225,-0.06032236684187633,-1.025941746098622,0.3348311373041266,1.5032058581642633,-0.2963633070206598,-0.2847957330461034,-0.6784479214771492,-0.816918129340086,-0.35750048503313164,-0.04155947232136296,0.05810912735281833,-0.30094033926474845,-0.05090271652268703
2074,0.0,0.0,-0.1522740277874877,-0.3162362762000624,0.12054815841345706,-0.06032236684187633,1.5346577103914558,1.5112062342217722,-0.8303579044325254,-0.2963633070206598,-0.2847957330461034,0.2884275010135687,-0.6440202122059205,0.01196090962228466,-0.04155947232136296,-0.9991944221212311,-0.30094033926474845,-0.05090271652268703
2075,1.0,0.0,-0.1522740277874877,0.5497956393195487,-0.3358051151451069,-0.06032236684187633,-0.27439255569134613,2.0966753871369446,-0.23149599831839937,-0.2714167207051074,-0.9898930035233633,-0.784740136752688,-0.6184263470543846,-0.299802719050718,-0.04155947232136296,-0.3275407345444462,0.467471325312865,-0.05090271652268703
2076,1.0,0.0,-0.1522740277874877,2.2844469573247403,-0.3358051151451069,-0.06032236684187633,-0.27439255569134613,-0.6790073807757432,-0.750802165070101,-0.9570420004025909,-0.25109584405233426,-0.2550809099347096,2.094040924459743,-0.299802719050718,-0.04155947232136296,-0.3275407345444462,0.47029856681074356,-0.05090271652268703
2077,1.0,0.0,-0.1522740277874877,-0.3162362762000624,-0.3925556710186425,-0.06032236684187633,1.78923781422078,1.702470184544341,-0.8316148015285318,-0.2963633070206598,-0.2847957330461034,0.10235502364291629,-0.5998933769095394,0.08124002815626034,-0.04155947232136296,-0.9584354100489061,-0.30094033926474845,-0.05090271652268703
2078,0.0,0.0,-0.1522740277874877,-0.3162362762000624,0.17263926731068144,-0.06032236684187633,0.21280678447093782,-0.856775043875904,-0.6236912767485246,-0.2963633070206598,-0.2847957330461034,1.5050928513785595,0.27124815672470637,-0.954404235510431,-0.04155947232136296,1.4459341761543996,-0.30094033926474845,-0.05090271652268703
2079,1.0,0.0,-0.1522740277874877,-0.3162362762000624,1.4949261975523582,-0.06032236684187633,-0.6408575647628044,-0.24325489610663698,2.031845490803956,-0.2963633070206598,-0.2847957330461034,-0.6170065700339042,-0.7669553666957559,-0.060167338264314474,-0.04155947232136296,-0.19999165109588757,-0.30094033926474845,-0.05090271652268703
2080,0.0,0.0,-0.1522740277874877,-1.2344668366018217,-0.3358051151451069,-0.06032236684187633,-0.27439255569134613,-0.7088279877582144,2.2008597489593704,-0.10529371958601524,0.7535896898074242,-0.6341184361964411,-0.41702828238310746,-0.299802719050718,-0.04155947232136296,-0.3275407345444462,-0.04420749536170948,-0.05090271652268703
2081,0.0,0.0,-0.1522740277874877,0.19555808552146772,-0.3358051151451069,-0.06032236684187633,-0.27439255569134613,0.3584967526381986,-0.7300110770546134,-0.05771572464834381,1.443715659751217,1.455455297542735,-0.7669280869268836,-0.299802719050718,-0.04155947232136296,-0.3275407345444462,-0.8785143743342716,-0.05090271652268703
2082,0.0,0.0,-0.1522740277874877,-0.3162362762000624,1.5271855237952312,-0.06032236684187633,-1.0091803054659116,0.25587086168315054,1.5783945427155206,-0.2963633070206598,-0.2847957330461034,-0.6587010822105708,-0.8226342327295005,0.13239180517336968,-0.04155947232136296,0.09361440436248393,-0.30094033926474845,-0.05090271652268703
2083,0.0,0.0,-0.1522740277874877,-0.13953854088213172,3.410292920623478,-0.06032236684187633,-0.12721843408343775,-0.829182924762349,-0.7035610369167039,-0.8027746572302739,-0.2505393761322355,0.6205340071558513,1.2246846334330168,-1.0825373216307383,-0.04155947232136296,-0.27900911385687155,1.423570230104717,-0.05090271652268703
2084,0.0,0.0,-0.1522740277874877,-0.3162362762000624,-1.1020537571144915,-0.06032236684187633,0.5964758573382503,-0.6281534710382167,0.33844531865020605,-0.2963633070206598,-0.2847957330461034,-0.8707781734279777,1.523313693025433,1.315814039416778,-0.04155947232136296,-0.373409631215508,-0.30094033926474845,-0.05090271652268703
2085,0.0,0.0,-0.1522740277874877,-1.1950940655014315,-0.3358051151451069,-0.06032236684187633,-0.27439255569134613,-0.7713532283032458,2.0781671961351846,0.34704275450546385,1.2143278743464496,-0.6782913745036985,-0.2145454163315292,-0.299802719050718,-0.04155947232136296,-0.3275407345444462,-0.28911634780128104,-0.05090271652268703
2086,0.0,0.0,-0.1522740277874877,-0.3162362762000624,-0.10149952813237864,-0.06032236684187633,1.3591223344393017,1.4344108407540463,-0.832883289442502,-0.2963633070206598,-0.2847957330461034,0.3674508653578387,-0.6405411166367102,0.22478276024234237,-0.04155947232136296,-1.0409793023024243,-0.30094033926474845,-0.05090271652268703
2087,1.0,0.0,-0.1522740277874877,-0.3162362762000624,-0.14850910911949267,-0.06032236684187633,-0.15509089407889134,-0.8366807635359347,-0.6600219439937863,-0.2963633070206598,-0.2847957330461034,1.5029090859645478,0.27660068098099294,-0.8497443617181262,-0.04155947232136296,1.4105581307760853,-0.30094033926474845,-0.05090271652268703
2088,1.0,0.0,-0.1522740277874877,-0.15930895798555042,1.4943302573935455,-0.06032236684187633,-0.26176229771136433,-0.7864231213649198,-0.7514407744345355,-0.6502722641007337,-0.20134420317378954,0.5798392026653657,1.2652035705345883,-0.8434301628236675,-0.04155947232136296,-0.23066212024921393,1.440261198858204,-0.05090271652268703
2089,0.0,0.0,-0.1522740277874877,-0.15193809974714775,-0.3358051151451069,-0.06032236684187633,-0.27439255569134613,2.2418674387110706,-0.4642899069858523,-0.13234996379485994,-0.8405562364298155,-0.6941947981777249,-0.6420398382737612,-0.299802719050718,-0.04155947232136296,-0.3275407345444462,9.612274600928883,-0.05090271652268703
2090,1.0,0.0,-0.1522740277874877,-0.18153840071039568,-0.3358051151451069,-0.06032236684187633,-0.27439255569134613,-0.2934078457135727,-0.632588714696822,0.9889106709440287,0.245683985167754,2.0371309171768477,-0.7329841368715383,-0.299802719050718,-0.04155947232136296,-0.3275407345444462,-0.9370697930899203,-0.05090271652268703
2091,0.0,0.0,-0.1522740277874877,-0.3162362762000624,-0.8053071388798485,-0.06032236684187633,-0.1560337008007305,-0.5700214248197752,-0.3723117014453189,-0.2963633070206598,-0.2847957330461034,-0.7549171848782364,2.158382780657492,1.1976821756024478,-0.04155947232136296,-0.2374492433887423,-0.30094033926474845,-0.05090271652268703
2092,0.0,0.0,-0.1522740277874877,-0.3162362762000624,1.6586992590061518,-0.06032236684187633,-0.9473315221632216,0.0037568180869096,1.8268234984119787,-0.2963633070206598,-0.2847957330461034,-0.6055313197769754,-0.8170768007473601,-0.31158347494530453,-0.04155947232136296,0.026099268187966786,-0.30094033926474845,-0.05090271652268703
2093,1.0,0.0,-0.1522740277874877,-0.3162362762000624,-0.3158078961946363,-0.06032236684187633,1.7967413383995847,1.7486186231248917,-0.9150033253412829,-0.2963633070206598,-0.2847957330461034,0.0875089980704864,-0.38315737454323995,1.3478325627091634,-0.04155947232136296,-1.4552830545347046,-0.30094033926474845,-0.05090271652268703
2094,1.0,0.0,-0.1522740277874877,-0.04048430805181287,-0.3358051151451069,-0.06032236684187633,-0.27439255569134613,-0.5973864420305836,-0.6280749881073802,1.2239713451649719,-0.23097960393836017,-0.5617693509933886,-0.5586610674754731,-0.299802719050718,-0.04155947232136296,-0.3275407345444462,-0.8230829334656401,-0.05090271652268703
2095,1.0,0.0,-0.1522740277874877,0.039336513217693575,-0.3358051151451069,-0.06032236684187633,-0.27439255569134613,-0.5925140126094958,-0.7137575752670056,0.06264304547416864,0.4050042155921292,-0.555159371741192,-0.45846310791869255,-0.299802719050718,-0.04155947232136296,-0.3275407345444462,-0.9361597639634609,-0.05090271652268703
2096,1.0,0.0,-0.1522740277874877,-0.3162362762000624,0.1850377714179448,-0.06032236684187633,-0.05694727322732477,-0.6124809078364672,-0.6269199584732794,-0.2963633070206598,-0.2847957330461034,-0.5917447228863403,-0.48343158991365426,0.7661441637746201,-0.04155947232136296,-0.7294614827361408,-0.30094033926474845,-0.05090271652268703
2097,1.0,0.0,-0.1522740277874877,1.7917339060673418,-0.3358051151451069,-0.06032236684187633,-0.27439255569134613,1.504208825555739,0.4010549493392427,-0.11986700387308069,-0.8083341715145552,-0.7977654127277738,-0.7312359342884662,-0.299802719050718,-0.04155947232136296,-0.3275407345444462,0.04241194227690647,-0.05090271652268703
2098,0.0,0.0,-0.1522740277874877,-0.3162362762000624,-0.7627692497234043,-0.06032236684187633,-0.15856885629240242,-0.5706418750389778,-0.4988500422254843,-0.2963633070206598,-0.2847957330461034,-0.6920194402759311,2.228832377892636,1.1080426861302273,-0.04155947232136296,-0.22028064526470417,-0.30094033926474845,-0.05090271652268703
2099,1.0,0.0,-0.1522740277874877,-0.3162362762000624,-0.24811935991341644,-0.06032236684187633,1.6152727535977884,2.050292859423305,-0.7724245339632839,-0.2963633070206598,-0.2847957330461034,-0.26686934648761773,-0.5881668927107702,-0.1923430925335503,-0.04155947232136296,-0.5827594829947106,-0.30094033926474845,-0.05090271652268703
2142,1.0,0.0,-0.1522740277874877,-0.3162362762000624,-0.24051972165730043,-0.06032236684187633,-0.19412558080366,-0.7589000690804009,-0.5769313505300999,-0.2963633070206598,-0.2847957330461034,2.0194045741953124,-0.31256684431672255,-0.5706159718240733,-0.04155947232136296,1.2933716551616359,-0.30094033926474845,-0.05090271652268703
2143,1.0,0.0,-0.1522740277874877,-0.3162362762000624,0.8349189670707097,-0.06032236684187633,-1.1042549922852527,0.5794930147758047,1.2684508709461844,-0.2963633070206598,-0.2847957330461034,-0.7088930689243008,-0.8069752277456096,-0.3093926592648163,-0.04155947232136296,0.2164050323905462,-0.30094033926474845,-0.05090271652268703
2144,0.0,0.0,-0.1522740277874877,-0.8588447877052122,-0.3358051151451069,-0.06032236684187633,-0.27439255569134613,-0.8024103153686707,1.488706956040098,1.2844443494017657,-0.13533012733587113,-0.7458824637209626,0.4030317195174092,-0.299802719050718,-0.04155947232136296,-0.3275407345444462,0.15306387438863403,-0.05090271652268703
2145,1.0,0.0,-0.1522740277874877,-0.21652971913822455,0.5511605791515175,-0.06032236684187633,-0.21463810254419918,-0.8210294821392435,-0.7030681433061499,-0.36099182807330643,-0.249957545285234,1.0040429147601144,0.8003108717252497,-1.0738512865724563,-0.04155947232136296,0.27339165554078615,1.1512687434745685,-0.05090271652268703
2146,1.0,0.0,-0.1522740277874877,-0.3162362762000624,-0.2285515241129131,-0.06032236684187633,-0.17259736754751576,-0.731532039537643,-0.5558469677979632,-0.2963633070206598,-0.2847957330461034,2.0750064439580824,-0.3909420293972819,-0.7151703964620494,-0.04155947232136296,1.2025053149666356,-0.30094033926474845,-0.05090271652268703
2147,1.0,0.0,-0.1522740277874877,-0.3162362762000624,-0.023020172103537722,-0.06032236684187633,-0.3077051652692709,-0.8406062973188335,-0.5995539813635393,-0.2963633070206598,-0.2847957330461034,1.7146447916886534,0.047929192546394946,-0.8586889728828724,-0.04155947232136296,1.574761721923,-0.30094033926474845,-0.05090271652268703
2148,0.0,0.0,-0.1522740277874877,-0.3162362762000624,1.2623555880109774,-0.06032236684187633,-0.4708542027759732,-0.4438010487863981,2.1766493146560206,-0.2963633070206598,-0.2847957330461034,-0.6065870518445278,-0.692310585909195,-0.06629257141856003,-0.04155947232136296,-0.2941792887430155,-0.30094033926474845,-0.05090271652268703
2149,1.0,0.0,-0.1522740277874877,-0.3162362762000624,0.11840893117598127,-0.06032236684187633,-0.055883965702064546,-0.8500406905597615,-0.6395173023384145,-0.2963633070206598,-0.2847957330461034,1.466725108082642,0.3108584805507297,-0.9539036699100443,-0.04155947232136296,1.3616431924175108,-0.30094033926474845,-0.05090271652268703
2150,0.0,0.0,-0.1522740277874877,-0.8577698386947411,-0.3358051151451069,-0.06032236684187633,-0.27439255569134613,-0.7874487899960795,1.4101214075586852,1.262040099571188,-0.12040933462661645,-0.7690433707655947,0.4817240566930427,-0.299802719050718,-0.04155947232136296,-0.3275407345444462,0.15170147277863852,-0.05090271652268703
2151,0.0,0.0,-0.1522740277874877,-0.24322767385667396,1.2121109139824526,-0.06032236684187633,-0.03684872614112697,-0.8045309248601961,-0.7293303157051358,-0.5460954611562732,0.034724026463681196,0.7306675514071852,1.0935972809658334,-1.1039130166985298,-0.04155947232136296,-0.16391697010706205,1.3199017809639055,-0.05090271652268703
2152,0.0,0.0,-0.1522740277874877,-0.21283670877043107,0.059269607561495734,-0.06032236684187633,0.6375788766546372,1.15507925567915,-0.8177270274328242,-0.28770659704454826,1.0124904329901543,0.6472703920228194,-0.6770904386481752,0.5217538844851284,-0.04155947232136296,-1.1071847414653495,-0.33868553159899295,-0.05090271652268703
2153,0.0,0.0,-0.1522740277874877,-0.3162362762000624,1.4503960605367012,-0.06032236684187633,-1.1331034337649262,0.3015436120259985,1.5443419507724578,-0.2963633070206598,-0.2847957330461034,-0.596606295101017,-0.8522076364667703,-0.3630075785775413,-0.04155947232136296,0.8284985085206051,-0.30094033926474845,-0.05090271652268703
2154,0.0,0.0,-0.1522740277874877,-1.2087192379940253,-0.3358051151451069,-0.06032236684187633,-0.27439255569134613,-0.6358699490677252,2.235887095958647,-0.15847306479896262,1.6130643441539625,-0.6217058237064218,-0.5338913689944117,-0.299802719050718,-0.04155947232136296,-0.3275407345444462,-0.26882106077706525,-0.05090271652268703
2155,0.0,0.0,-0.1522740277874877,-0.3162362762000624,0.620577770616768,-0.06032236684187633,-0.31775207721189347,-0.8691820202866243,-0.6039860742567927,-0.2963633070206598,-0.2847957330461034,1.4335876591261891,0.3533627139321001,-1.0161375079644075,-0.04155947232136296,1.2865102132858455,-0.30094033926474845,-0.05090271652268703
2156,0.0,0.0,-0.1522740277874877,1.4006310872624923,-0.3358051151451069,-0.06032236684187633,-0.27439255569134613,1.8691864624222,0.028979224727127398,-0.1132476917564769,-0.9208261994190083,-0.8140955732117028,-0.6614222832241683,-0.299802719050718,-0.04155947232136296,-0.3275407345444462,0.20532028264748833,-0.05090271652268703
2157,1.0,0.0,-0.1522740277874877,-0.051042736134907014,-0.3358051151451069,-0.06032236684187633,-0.27439255569134613,-0.6172410392563313,-0.739786848053533,-0.8192108589515159,-0.15671227821067568,-0.3570106897550329,2.1554990722564282,-0.299802719050718,-0.04155947232136296,-0.3275407345444462,0.2074033152184345,-0.05090271652268703
2158,1.0,0.0,-0.1522740277874877,-0.3162362762000624,-0.14820892874392555,-0.06032236684187633,-0.19020434958592713,-0.8204963309438426,-0.5825389622726969,-0.2963633070206598,-0.2847957330461034,1.871404904480246,-0.12102056374189199,-0.7587840238698083,-0.04155947232136296,1.479816940115004,-0.30094033926474845,-0.05090271652268703
2159,0.0,0.0,-0.1522740277874877,-0.043431189234039894,-0.3358051151451069,-0.06032236684187633,-0.27439255569134613,0.5057628401536605,-0.9396861357505717,0.49352484407266656,1.3897971018395452,1.3604884271173698,-0.6142843910471844,-0.299802719050718,-0.04155947232136296,-0.3275407345444462,-1.6585701900395435,-0.05090271652268703
2160,1.0,0.0,-0.1522740277874877,-0.1403747244133567,-0.3358051151451069,-0.06032236684187633,-0.27439255569134613,-0.4327590454670619,-0.6104049640033767,1.2479520237633628,-0.09416801596645988,2.1148682969399553,-0.6823386660449369,-0.299802719050718,-0.04155947232136296,-0.3275407345444462,-0.9240838049795591,-0.05090271652268703
2161,0.0,0.0,-0.1522740277874877,-0.3162362762000624,1.1353881965671306,-0.06032236684187633,-0.322120798927852,-0.8734150102877427,-0.5933209441805274,-0.2963633070206598,-0.2847957330461034,1.3611116559368412,0.44462633532574014,-0.9694525809342086,-0.04155947232136296,1.1232238176825955,-0.30094033926474845,-0.05090271652268703
2162,0.0,0.0,-0.1522740277874877,-0.3162362762000624,-0.5915469336909907,-0.06032236684187633,-0.17321396888480126,-0.5827144328226792,-0.4515169153517905,-0.2963633070206598,-0.2847957330461034,-0.7170065456616121,2.2054738610609883,1.133486870892316,-0.04155947232136296,-0.24865929992870445,-0.30094033926474845,-0.05090271652268703
2163,1.0,0.0,-0.1522740277874877,-1.3766004984098432,-0.3358051151451069,-0.06032236684187633,-0.27439255569134613,-0.7443236014446017,1.7970926259954,1.08913442130921,2.409891505391523,-0.8719605312574449,0.14390430174920885,-0.299802719050718,-0.04155947232136296,-0.3275407345444462,-0.29283591848856166,-0.05090271652268703
2164,1.0,0.0,-0.1522740277874877,-0.3162362762000624,-0.592708758596514,-0.06032236684187633,-0.17407760303697212,-0.57270940364193,-0.5850513926800711,-0.2963633070206598,-0.2847957330461034,-0.6209519838529862,-0.5570557257153552,0.9697404565786409,-0.04155947232136296,-0.20953774171955955,-0.30094033926474845,-0.05090271652268703
2165,1.0,0.0,-0.1522740277874877,-0.3162362762000624,-1.048301000394458,-0.06032236684187633,0.005845973891217506,-0.4803270708312668,-0.5795201608904755,-0.2963633070206598,-0.2847957330461034,-0.643769224400376,-0.572173578547943,0.6073780804471982,-0.04155947232136296,-0.0553992801009293,-0.30094033926474845,-0.05090271652268703
2166,1.0,0.0,-0.1522740277874877,2.2153073608292404,-0.3358051151451069,-0.06032236684187633,-0.27439255569134613,-0.6307371640633733,-0.5731303888881202,-0.7874371622136865,-0.0419814911330284,-0.613705513149845,-0.5336913677659559,-0.299802719050718,-0.04155947232136296,-0.3275407345444462,-0.24811717749337509,-0.05090271652268703
2167,1.0,0.0,-0.1522740277874877,-0.3162362762000624,-0.11094118049662065,-0.06032236684187633,1.5002314809004167,2.1236555394598104,-0.7539710008909811,-0.2963633070206598,-0.2847957330461034,-0.3545869913901325,-0.5582012461506506,-0.16698291386292521,-0.04155947232136296,-0.6782953426643125,-0.30094033926474845,-0.05090271652268703
2168,0.0,0.0,-0.1522740277874877,-0.3162362762000624,-1.134365858019085,-0.06032236684187633,-0.09794902881977825,-0.5341821611210542,-0.34272170541965147,-0.2963633070206598,-0.2847957330461034,-0.7836947089551216,2.1396426120833016,1.225413838529073,-0.04155947232136296,-0.12121149126062726,-0.30094033926474845,-0.05090271652268703
2169,1.0,0.0,-0.1522740277874877,-0.3162362762000624,1.4342785610349187,-0.06032236684187633,-0.5266849212086749,-0.271013707716915,2.056916786898576,-0.2963633070206598,-0.2847957330461034,-0.6251377675398904,-0.7539798448635728,-0.21248143534214586,-0.04155947232136296,-0.22141047312522805,-0.30094033926474845,-0.05090271652268703
2212,1.0,0.0,-0.1522740277874877,0.6381739177796476,-0.3358051151451069,-0.06032236684187633,-0.27439255569134613,-0.6535449620667577,-0.7691728958060473,-0.9302889054507409,-0.2366971975825141,-0.20196067547346896,2.042928858283397,-0.299802719050718,-0.04155947232136296,-0.3275407345444462,0.7100991285464241,-0.05090271652268703
2213,1.0,0.0,-0.1522740277874877,-0.3832285016416636,-0.3358051151451069,-0.06032236684187633,-0.27439255569134613,0.1680978962137367,-0.6846059149348349,-0.03265434388356327,1.3343822849355453,1.639196824237773,-0.7835681133480568,-0.299802719050718,-0.04155947232136296,-0.3275407345444462,-0.9314881582371047,-0.05090271652268703
2214,0.0,0.0,-0.1522740277874877,-0.3162362762000624,1.394908762376919,-0.06032236684187633,-1.0189591199654522,0.33408792151505534,1.499462613750801,-0.2963633070206598,-0.2847957330461034,-0.6823441879004054,-0.8201582125321545,0.11901958034056878,-0.04155947232136296,-0.00723548752195317,-0.30094033926474845,-0.05090271652268703
2215,1.0,0.0,-0.1522740277874877,0.9176771572437935,-0.3358051151451069,-0.06032236684187633,-0.27439255569134613,-0.6037763009966874,-0.6217660198352979,-0.9615744700874289,-0.19193807089729867,-0.575533522700284,2.2516368664465864,-0.299802719050718,-0.04155947232136296,-0.3275407345444462,-0.26908625371508305,-0.05090271652268703
2216,1.0,0.0,-0.1522740277874877,1.4670316767428682,-0.3358051151451069,-0.06032236684187633,-0.27439255569134613,-0.7166117628604327,-0.7710921669805162,-0.9423120476165255,-0.30856586105934874,-0.06465093166820295,1.9334385893460906,-0.299802719050718,-0.04155947232136296,-0.3275407345444462,1.053519477971877,-0.05090271652268703
2217,1.0,0.0,-0.1522740277874877,-0.3162362762000624,-0.12687274857582692,-0.06032236684187633,-0.2606235696611658,-0.8224516630495264,-0.5881132694265873,-0.2963633070206598,-0.2847957330461034,1.839896324593587,-0.09203562649206112,-0.7689625084230572,-0.04155947232136296,1.5231920043722598,-0.30094033926474845,-0.05090271652268703
2218,0.0,0.0,-0.1522740277874877,-0.3162362762000624,-0.32534488277017043,-0.06032236684187633,-0.17834256106434068,-0.6381155753818767,-0.5824420187739521,-0.2963633070206598,-0.2847957330461034,2.1421322543688097,-0.5362739307214516,-0.3413306286695705,-0.04155947232136296,1.1059951577886333,-0.30094033926474845,-0.05090271652268703
2219,1.0,0.0,-0.1522740277874877,-1.2250246591811207,-0.3358051151451069,-0.06032236684187633,-0.27439255569134613,-0.7320386314542003,2.173882580894444,-0.005136167334467204,0.5658704684122756,-0.6385591517169027,-0.3644707886868173,-0.299802719050718,-0.04155947232136296,-0.3275407345444462,-0.11325486643370937,-0.05090271652268703
2220,0.0,0.0,-0.1522740277874877,-1.0415169604496783,-0.3358051151451069,-0.06032236684187633,-0.27439255569134613,-0.8058325415017764,1.7161174318649515,1.1923553629304031,0.08067686267231641,-0.7243022851971135,0.18226353226907052,-0.299802719050718,-0.04155947232136296,-0.3275407345444462,0.14349409828591403,-0.05090271652268703
2221,0.0,0.0,-0.1522740277874877,-0.3162362762000624,-0.5054364247127897,-0.06032236684187633,-0.24316254285854844,-0.5907826325133706,-0.4566198122596949,-0.2963633070206598,-0.2847957330461034,-0.7105134555369117,2.2059941161813703,1.1466080990175682,-0.04155947232136296,-0.11324217813458884,-0.30094033926474845,-0.05090271652268703
2222,0.0,0.0,-0.1522740277874877,-0.3162362762000624,-0.320660835939281,-0.06032236684187633,-0.14111714584806748,-0.6498744148079282,-0.5818415158497641,-0.2963633070206598,-0.2847957330461034,2.135403581834423,-0.5150643478549537,-0.3571684668517405,-0.04155947232136296,1.1154576029644494,-0.30094033926474845,-0.05090271652268703
2223,0.0,0.0,-0.1522740277874877,-0.3162362762000624,-0.2741230767057696,-0.06032236684187633,-0.21404795025468276,-0.7367317000573136,-0.5545688079950943,-0.2963633070206598,-0.2847957330461034,2.0748550076988437,-0.3939432314992924,-0.7105069116138278,-0.04155947232136296,1.2027676585187952,-0.30094033926474845,-0.05090271652268703
2224,0.0,0.0,-0.1522740277874877,-0.22215444642721205,-0.28973269737872176,-0.06032236684187633,0.23792242550842116,0.9599496633251714,-0.8160148951814189,-0.24516398304131784,1.0803543627328787,0.8525713471825263,-0.6821199150602321,1.4154176383993833,-0.04155947232136296,-1.1457251266014274,-0.5458322191419032,-0.05090271652268703
2225,0.0,0.0,-0.1522740277874877,0.5362572211715098,-0.3358051151451069,-0.06032236684187633,-0.27439255569134613,-0.7292438091571872,-0.7798653031610495,-0.8947914276522482,-0.31749420984638493,0.09930954221712358,1.76778261537846,-0.299802719050718,-0.04155947232136296,-0.3275407345444462,1.425436524207977,-0.05090271652268703
2226,0.0,0.0,-0.1522740277874877,-0.3162362762000624,1.6681017163923855,-0.06032236684187633,-0.9291363953376729,0.10283756158127762,1.7225378425603208,-0.2963633070206598,-0.2847957330461034,-0.6431251233721057,-0.8185156046921189,-0.06947298135831238,-0.04155947232136296,-0.04700649742726294,-0.30094033926474845,-0.05090271652268703
2227,1.0,0.0,-0.1522740277874877,-0.3162362762000624,-0.2117254709003187,-0.06032236684187633,1.0494959032830613,1.3143053162070064,-0.8098413214386991,-0.2963633070206598,-0.2847957330461034,0.49107966100607486,-0.6863433428497263,-0.09985023570855779,-0.04155947232136296,-0.9470019820755011,-0.30094033926474845,-0.05090271652268703
2228,1.0,0.0,-0.1522740277874877,-1.0126790441944487,-0.3358051151451069,-0.06032236684187633,-0.27439255569134613,-0.8065096421937875,1.71772817189443,1.1891391602697452,0.18299455827881483,-0.7301367117358496,0.1897220145418264,-0.299802719050718,-0.04155947232136296,-0.3275407345444462,-0.3196048484704736,-0.05090271652268703
2229,0.0,0.0,-0.1522740277874877,1.2779611426449116,0.5250376520281381,-0.06032236684187633,-1.0577147983236903,0.7366469911787044,1.1707145312685394,-0.24006053719044085,-0.6568167995350231,-0.45834640919804354,-0.9718291546692341,-0.08282240766286289,-0.04155947232136296,6.639357474724241,-0.20797071091871924,-0.05090271652268703
2230,1.0,0.0,-0.1522740277874877,1.294164643284219,0.2988978054527954,-0.06032236684187633,-0.9817882742092553,0.8013845577923017,1.0721188330108389,-0.23250599831797902,-0.4295962854698876,-0.7072474237230011,-0.8085610353139369,-0.1832811226281295,-0.04155947232136296,1.2136555850127495,-0.21263387567124087,-0.05090271652268703
2231,0.0,0.0,-0.1522740277874877,1.1891042171492887,-0.3358051151451069,-0.06032236684187633,-0.27439255569134613,1.9368197336082729,-0.02449825324244356,-0.3254271219991591,-0.9010764250035488,-0.8018571378341316,-0.6860770771684538,-0.299802719050718,-0.04155947232136296,-0.3275407345444462,1.2055248031126695,-0.05090271652268703
2232,0.0,0.0,-0.1522740277874877,-0.8716265085479911,-0.928146287643782,-0.06032236684187633,2.276711634895747,-0.7539962415672503,1.2562126528339033,1.148643205483403,-0.12456758320321334,-0.8031182626152148,0.6457042499814832,-0.2798479854540404,-0.04155947232136296,-0.2293522941542109,-0.24505344251567576,-0.05090271652268703
2233,1.0,0.0,-0.1522740277874877,-0.5362687146915678,-1.0931934674436783,-0.06032236684187633,6.243545292677327,-0.46313276428569433,0.6900703561706545,0.8885244900968113,-0.20296480596003483,-0.9814031679402605,1.2223326457431403,0.5880010621771603,-0.04155947232136296,-0.2522205954250896,-0.2906556263115999,-0.05090271652268703
2234,1.0,0.0,-0.1522740277874877,0.02367529281748536,-0.3358051151451069,-0.06032236684187633,-0.27439255569134613,-0.6031298664128351,-0.6463266353313306,0.028826158415202748,0.22259121473598698,-0.5542478409015851,-0.5233091749000067,-0.299802719050718,-0.04155947232136296,-0.3275407345444462,-0.6202625397913957,-0.05090271652268703
2235,1.0,0.0,-0.1522740277874877,1.2697136372920466,-0.24886691473590603,-0.06032236684187633,-0.8544757972593375,-0.5610066422964476,-0.588909753500632,-0.2698301073022684,-0.27193329666604854,-0.4354227276455887,-0.6713756704193837,0.027141252713082424,-0.04155947232136296,3.1403444399013494,-0.22486148794508592,-0.05090271652268703
2236,1.0,0.0,-0.1522740277874877,0.14900273247641843,-0.3358051151451069,-0.06032236684187633,-0.27439255569134613,-0.599939393954883,-0.6334686183012387,1.0324938884857504,-0.19226107377991586,-0.5643265700544977,-0.5525717989100936,-0.299802719050718,-0.04155947232136296,-0.3275407345444462,-0.7878077721667758,-0.05090271652268703
2237,1.0,0.0,-0.1522740277874877,-0.3162362762000624,-0.5832848268690872,-0.06032236684187633,-0.14954823816411444,-0.5841286883814736,-0.4294831755996204,-0.2963633070206598,-0.2847957330461034,-0.7312729170384731,2.192394204100537,1.1517281943069184,-0.04155947232136296,-0.16830372128337404,-0.30094033926474845,-0.05090271652268703
2238,0.0,0.0,-0.1522740277874877,0.7755632637879155,-0.3358051151451069,-0.06032236684187633,-0.27439255569134613,-0.8314673815618605,-0.7301135803463414,-1.032512781583693,-0.1011220653608308,0.2908826913266078,1.5931159503728864,-0.299802719050718,-0.04155947232136296,-0.3275407345444462,1.5717805851594724,-0.05090271652268703
2239,1.0,0.0,-0.1522740277874877,-0.21346921828227233,0.027188423613636697,-0.06032236684187633,-0.23456268005957107,-0.8120159569186641,-0.718566253091516,-0.3127490589524117,-0.2285162447048551,1.0429543404854258,0.7632226514141068,-0.9138667548619696,-0.04155947232136296,0.36381945961106477,1.134312827317628,-0.05090271652268703
2282,1.0,0.0,-0.1522740277874877,-0.3162362762000624,1.2415582935991833,-0.06032236684187633,-1.0694967013089407,0.41549939390101703,1.4284396420996455,-0.2963633070206598,-0.2847957330461034,-0.6723438129897263,-0.8154440813461222,-0.3052673368399855,-0.04155947232136296,0.3002294524483569,-0.30094033926474845,-0.05090271652268703
2283,1.0,0.0,-0.1522740277874877,-0.22414854612118273,-0.24487337658388783,-0.06032236684187633,0.13931372264482905,0.9524573883931409,-0.7888966211540411,-0.22185416751892165,1.080271296980591,0.8520950657050308,-0.7143706720451424,0.44121663729796856,-0.04155947232136296,-1.143433569653794,-0.4283364479996079,-0.05090271652268703
2284,0.0,0.0,-0.1522740277874877,-0.3162362762000624,-0.07430830636354363,-0.06032236684187633,1.3959675403605403,2.1958945768515417,-0.7008311197593254,-0.2963633070206598,-0.2847957330461034,-0.4643204897265385,-0.5733802966832204,-0.26911941713381826,-0.04155947232136296,-0.43485766984225566,-0.30094033926474845,-0.05090271652268703
2285,1.0,0.0,-0.1522740277874877,-1.208657144060697,-0.3358051151451069,-0.06032236684187633,-0.27439255569134613,-0.6360255173320194,2.236273456945652,-0.2698789898215947,0.7182822997925644,-0.6190616918878358,-0.534787591176603,-0.299802719050718,-0.04155947232136296,-0.3275407345444462,-0.19853233772563098,-0.05090271652268703
2286,1.0,0.0,-0.1522740277874877,-0.24898148736019513,-0.3358051151451069,-0.06032236684187633,-0.27439255569134613,-0.28868658931081764,-0.6520477869929355,1.8422349178015451,0.2436009398464722,2.0369255846515752,-0.7274465540967341,-0.299802719050718,-0.04155947232136296,-0.3275407345444462,-1.1050244971745675,-0.05090271652268703
2287,1.0,0.0,-0.1522740277874877,-0.3162362762000624,-1.1392280362983833,-0.06032236684187633,0.702291666981563,-0.6784200388842994,0.5810723712202154,-0.2963633070206598,-0.2847957330461034,-0.8513147720029082,1.2821469672771508,0.7611963569814834,-0.04155947232136296,-0.33667036191339306,-0.30094033926474845,-0.05090271652268703
2288,0.0,0.0,-0.1522740277874877,-0.16845947804882186,1.2174116008679545,-0.06032236684187633,-0.18576927008614733,-0.7790665477711053,-0.7559586364063255,-0.6492187669580267,0.1008498851662642,0.5343810077557181,1.3006731742179194,-1.0459344491448295,-0.04155947232136296,-0.23519980349483258,1.4973670853688554,-0.05090271652268703
2289,1.0,0.0,-0.1522740277874877,-0.6879888350081413,-1.1885923235689777,-0.06032236684187633,0.9532706315213247,-0.7707162368710174,1.205770976530047,1.13871861229197,-0.16835185276791362,-0.7882625702403595,0.6787746634594343,-0.26331046492398386,-0.04155947232136296,-0.21580087165163553,-0.054967996100631106,-0.05090271652268703
2290,0.0,0.0,-0.1522740277874877,1.1011290014110866,-0.3358051151451069,-0.06032236684187633,-0.27439255569134613,-0.6044809201298444,-0.6216994342584992,-0.9615806495327606,-0.16556094394260273,-0.575350843716492,2.251621570893037,-0.299802719050718,-0.04155947232136296,-0.3275407345444462,-0.26182921212800625,-0.05090271652268703
2291,0.0,0.0,-0.1522740277874877,-0.17878887464403848,0.04769995024871083,-0.06032236684187633,0.542520397298575,1.11569534691849,-0.8203601209863318,-0.28400840535848454,1.021260488674789,0.6885495962053824,-0.6737499862480492,0.7744174118225176,-0.04155947232136296,-1.1173019204017374,-0.3803396886001151,-0.05090271652268703
2292,0.0,0.0,-0.1522740277874877,-1.184670714961673,-0.3358051151451069,-0.06032236684187633,-0.27439255569134613,-0.7742474106606316,2.0769969810123223,0.3752571957996837,0.48317517407389904,-0.6607446892704949,-0.21529380970227024,-0.299802719050718,-0.04155947232136296,-0.3275407345444462,0.06914709452778788,-0.05090271652268703
2293,0.0,0.0,-0.1522740277874877,-0.278783534775638,-0.26192727662948995,-0.06032236684187633,0.4015258697338463,1.080308838119001,-0.8505352610162311,-0.25951427781428166,1.0319363358265032,0.7357438895410832,-0.6241378935872293,2.24692590377458,-0.04155947232136296,-1.1342974283356844,-0.5462295138042172,-0.05090271652268703
2294,0.0,0.0,-0.1522740277874877,1.8174403424929904,-0.3358051151451069,-0.06032236684187633,-0.27439255569134613,1.5395739897315637,0.3655049724726311,-0.2993951365028736,-0.8486597655564848,-0.794819020798825,-0.7306220704689026,-0.299802719050718,-0.04155947232136296,-0.3275407345444462,0.06386785439954776,-0.05090271652268703
2295,0.0,0.0,-0.1522740277874877,-1.0413851154905476,-0.3358051151451069,-0.06032236684187633,-0.27439255569134613,-0.7811248076088364,1.531040833903505,1.2790908577417275,0.08695956964964137,-0.7747300711461942,0.37719062478185494,-0.299802719050718,-0.04155947232136296,-0.3275407345444462,-0.2919149243877216,-0.05090271652268703
2296,0.0,0.0,-0.1522740277874877,1.621728888576438,-0.3358051151451069,-0.06032236684187633,-0.27439255569134613,1.766442674990527,0.13462562346365764,-0.11062497242434934,-0.8845491672381541,-0.8158640325297127,-0.6778841474963155,-0.299802719050718,-0.04155947232136296,-0.3275407345444462,0.10296534760955885,-0.05090271652268703
2297,1.0,0.0,-0.1522740277874877,-0.10972432046252152,-0.3358051151451069,-0.06032236684187633,-0.27439255569134613,-0.6680424898982129,-0.8016094264046129,-0.7847126492730788,-0.18948223648872511,0.018880344333974317,1.8359140899608393,-0.299802719050718,-0.04155947232136296,-0.3275407345444462,1.3024744308841518,-0.05090271652268703
2298,1.0,0.0,-0.1522740277874877,-0.3162362762000624,-1.017213407198085,-0.06032236684187633,0.5108574536219463,-0.648260371490469,0.38484287987722926,-0.2963633070206598,-0.2847957330461034,-0.8653914639354571,1.4829651621281537,1.2216837185007432,-0.04155947232136296,-0.3532533457443151,-0.30094033926474845,-0.05090271652268703
2299,0.0,0.0,-0.1522740277874877,-0.3162362762000624,-0.9282551699626551,-0.06032236684187633,-0.16977714373418967,-0.5554853913350658,-0.5241473888406802,-0.2963633070206598,-0.2847957330461034,-0.6784186400963289,2.2376810761832506,1.1000928093822853,-0.04155947232136296,-0.24313636386428625,-0.30094033926474845,-0.05090271652268703
2300,1.0,0.0,-0.1522740277874877,-0.3162362762000624,-0.23447692959818822,-0.06032236684187633,1.6897976462231472,1.997071935312625,-0.7916463638580166,-0.2963633070206598,-0.2847957330461034,-0.19936497427630592,-0.5632283722598688,-0.12102325476122484,-0.04155947232136296,-0.8230126799562324,-0.30094033926474845,-0.05090271652268703
2301,0.0,0.0,-0.1522740277874877,1.5958195288689128,-0.3358051151451069,-0.06032236684187633,-0.27439255569134613,1.7722106602586716,0.15018534516813367,-0.3405039831631108,-0.9227703264872417,-0.8013631429096568,-0.7163357044544091,-0.299802719050718,-0.04155947232136296,-0.3275407345444462,0.6935027894061189,-0.05090271652268703
2302,0.0,0.0,-0.1522740277874877,-0.37250198266644846,-0.3358051151451069,-0.06032236684187633,-0.27439255569134613,0.2473446748155487,-0.7226985766916963,0.1592763614585799,1.3814266396975756,1.5738457789326925,-0.7687369034083372,-0.299802719050718,-0.04155947232136296,-0.3275407345444462,-0.947402224227846,-0.05090271652268703
2303,1.0,0.0,-0.1522740277874877,-1.0903120644293418,-0.3358051151451069,-0.06032236684187633,-0.27439255569134613,-0.7572410606025072,2.0815117541256094,0.36976202062551816,5.382072001404404,-0.7788881964422139,-0.19486258016424926,-0.299802719050718,-0.04155947232136296,-0.3275407345444462,-0.21307397713225068,-0.05090271652268703
2304,1.0,0.0,-0.1522740277874877,0.030359526424847797,-0.3358051151451069,-0.06032236684187633,-0.27439255569134613,-0.6027132337102357,-0.6461482000040318,0.07231206792442223,0.17891484872224475,-0.553824223615193,-0.5257066514012212,-0.299802719050718,-0.04155947232136296,-0.3275407345444462,-0.6224534052103168,-0.05090271652268703
2305,1.0,0.0,-0.1522740277874877,0.7013153860061178,-0.3358051151451069,-0.06032236684187633,-0.27439255569134613,-0.7293711242827438,-0.49488389840897545,-0.7580401999003045,0.052730466625630426,-0.6048893865489513,-0.5122637161561133,-0.299802719050718,-0.04155947232136296,-0.3275407345444462,0.20391590925532813,-0.05090271652268703
2306,1.0,0.0,-0.1522740277874877,-0.26549695085320973,-0.3358051151451069,-0.06032236684187633,-0.27439255569134613,-0.5630397946721399,-0.5844730506489472,-0.13102360157135398,-0.833388634699306,-0.6057033821830085,-0.5968281548509321,-0.299802719050718,-0.04155947232136296,-0.3275407345444462,2.19837997452678,-0.05090271652268703
2307,1.0,0.0,-0.1522740277874877,-0.3162362762000624,1.6592516322895239,-0.06032236684187633,-0.8957010840648252,-0.03642738350572352,1.8616095562672865,-0.2963633070206598,-0.2847957330461034,-0.610671586235743,-0.8132571940436608,-0.08609982432445548,-0.04155947232136296,-0.02022274924503766,-0.30094033926474845,-0.05090271652268703
2308,0.0,0.0,-0.1522740277874877,-1.321289877224115,-0.3358051151451069,-0.06032236684187633,-0.27439255569134613,-0.7027109006469049,1.3440634895217096,1.199864286084103,0.10872589147799744,-0.8727266982063223,0.5801795344927595,-0.299802719050718,-0.04155947232136296,-0.3275407345444462,-0.06494211601316688,-0.05090271652268703
2309,1.0,0.0,-0.1522740277874877,-0.3162362762000624,-0.3696243564454235,-0.06032236684187633,-0.17203416741203229,-0.5966393705247791,-0.5024785736223596,-0.2963633070206598,-0.2847957330461034,-0.6841229592488359,2.228654414518789,1.1081545074112482,-0.04155947232136296,-0.25693827008059117,-0.30094033926474845,-0.05090271652268703
2352,1.0,0.0,-0.1522740277874877,-0.3162362762000624,-0.43447091348244343,-0.06032236684187633,-0.19340140278012233,-0.591331638371607,-0.5036975268337295,-0.2963633070206598,-0.2847957330461034,-0.679398363147757,2.2290817613284566,1.1159779637043166,-0.04155947232136296,-0.2895959667892838,-0.30094033926474845,-0.05090271652268703
2353,1.0,0.0,-0.1522740277874877,-0.3162362762000624,-0.2945728370911146,-0.06032236684187633,1.3056554465540895,2.254609849953279,-0.6052833915269233,-0.2963633070206598,-0.2847957330461034,-0.5966890258587839,-0.574458393550618,-0.21090257313626923,-0.04155947232136296,-0.33093613390051463,-0.30094033926474845,-0.05090271652268703
2354,0.0,0.0,-0.1522740277874877,1.7267493181095197,-0.3358051151451069,-0.06032236684187633,-0.27439255569134613,1.693120190448126,0.20449704664608728,0.07363527393930472,-0.8309927090580433,-0.8193771369454078,-0.6806552546802453,-0.299802719050718,-0.04155947232136296,-0.3275407345444462,-0.05408935171551,-0.05090271652268703
2355,1.0,0.0,-0.1522740277874877,-0.21123122646856443,0.7212546919964513,-0.06032236684187633,-0.1636900880103177,-0.7999602184843008,-0.7301402692965953,-0.4610289727863045,-0.22600392076844084,0.8073011140872571,1.0103925332325279,-1.102787700349768,-0.04155947232136296,-0.10818074595650055,1.2562583239837426,-0.05090271652268703
2356,1.0,0.0,-0.1522740277874877,0.059729143143861095,-0.3358051151451069,-0.06032236684187633,-0.27439255569134613,2.194414446714545,-0.36427968959856605,-0.22232844503502341,-1.0268882143533438,-0.7385217771193493,-0.623681294810448,-0.299802719050718,-0.04155947232136296,-0.3275407345444462,2.607270507200895,-0.05090271652268703
2357,1.0,0.0,-0.1522740277874877,-0.3162362762000624,-0.21498277356362788,-0.06032236684187633,-0.20619976562356154,-0.7761190449963544,-0.5782964116259189,-0.2963633070206598,-0.2847957330461034,1.9965916595642812,-0.28275502563990823,-0.6130379970101589,-0.04155947232136296,1.3269348386554496,-0.30094033926474845,-0.05090271652268703
2358,0.0,0.0,-0.1522740277874877,0.6293159911210082,-0.3358051151451069,-0.06032236684187633,-0.27439255569134613,2.0953731477666144,-0.23098539841296312,0.01012869798533742,-0.9921195714208548,-0.7832589433876904,-0.6258112583771985,-0.299802719050718,-0.04155947232136296,-0.3275407345444462,0.6856451313688988,-0.05090271652268703
2359,1.0,0.0,-0.1522740277874877,-0.3162362762000624,-1.112258483739343,-0.06032236684187633,0.3801753498492526,-0.6795649495825306,0.49812322325050584,-0.2963633070206598,-0.2847957330461034,-0.8525445869068605,1.3596086054563135,0.9582876249189222,-0.04155947232136296,-0.1326182112674701,-0.30094033926474845,-0.05090271652268703
2360,0.0,0.0,-0.1522740277874877,-1.2359780848714617,-0.3358051151451069,-0.06032236684187633,-0.27439255569134613,-0.6961036149957258,2.211704260422532,-0.15039769997791205,0.7819533700798901,-0.6308330348306905,-0.4421770096623961,-0.299802719050718,-0.04155947232136296,-0.3275407345444462,-0.06670541763604963,-0.05090271652268703
2361,0.0,0.0,-0.1522740277874877,1.7761914110843935,-0.3358051151451069,-0.06032236684187633,-0.27439255569134613,1.4201406173219224,0.47478288172570693,0.08060329618337624,-0.7482105714500126,-0.7925784339052921,-0.7364736791082106,-0.299802719050718,-0.04155947232136296,-0.3275407345444462,-0.09842668772007991,-0.05090271652268703
2362,0.0,0.0,-0.1522740277874877,-0.3162362762000624,-0.28819071079060116,-0.06032236684187633,0.06105091463375419,-0.7378566631975233,-0.5797045538304237,-0.2963633070206598,-0.2847957330461034,2.05769858284994,-0.36844674106947584,-0.5025052836797913,-0.04155947232136296,1.230415303814747,-0.30094033926474845,-0.05090271652268703
2363,0.0,0.0,-0.1522740277874877,-0.022931351520589855,-0.3358051151451069,-0.06032236684187633,-0.27439255569134613,-0.8142901596030064,-0.7226986329099659,-0.8542165926067219,-0.27521248048447516,0.5056357242707828,1.347944539828364,-0.299802719050718,-0.04155947232136296,-0.3275407345444462,1.5207996229246066,-0.05090271652268703
2364,0.0,0.0,-0.1522740277874877,-0.3162362762000624,-0.1553845955153716,-0.06032236684187633,-0.2061784969486487,-0.8159784572692313,-0.570973289812514,-0.2963633070206598,-0.2847957330461034,1.900353561769278,-0.15873895247081898,-0.7807607434370988,-0.04155947232136296,1.4709252485510655,-0.30094033926474845,-0.05090271652268703
2365,0.0,0.0,-0.1522740277874877,-1.1817019145906906,-0.3358051151451069,-0.06032236684187633,-0.27439255569134613,-0.7819942278242471,2.0295415156437273,0.5118259958852798,1.0595626574015133,-0.6891618458712576,-0.15179078339986624,-0.299802719050718,-0.04155947232136296,-0.3275407345444462,-0.30552841470276976,-0.05090271652268703
2366,0.0,0.0,-0.1522740277874877,-1.054009206098013,-0.3358051151451069,-0.06032236684187633,-0.27439255569134613,-0.8071659122872304,1.751608124407257,1.1481973343438816,0.08144261989575668,-0.715457276468427,0.146450193557739,-0.299802719050718,-0.04155947232136296,-0.3275407345444462,-0.07754304509957857,-0.05090271652268703
2367,1.0,0.0,-0.1522740277874877,0.15874452174453693,-0.3358051151451069,-0.06032236684187633,-0.27439255569134613,2.1777862067402465,-0.3503436211395643,-0.17875112913980978,-0.8546378118103662,-0.7563901867429199,-0.5896427207533996,-0.299802719050718,-0.04155947232136296,-0.3275407345444462,-0.057860331128691614,-0.05090271652268703
2368,1.0,0.0,-0.1522740277874877,1.5069535572093766,-0.1713822735319368,-0.06032236684187633,-0.9446148625226057,1.134730238647956,0.7527636412359878,-0.20663334605427192,-0.6002960955698023,-0.7619920342210907,-0.7753018533256864,-0.266315202844532,-0.04155947232136296,1.3226758949109128,-0.20194335265361624,-0.05090271652268703
2369,0.0,0.0,-0.1522740277874877,-0.3162362762000624,1.1981643412851468,-0.06032236684187633,-1.0614073231271182,-0.5140147159658273,2.213737304157798,-0.2963633070206598,-0.2847957330461034,-0.559157333970861,-0.659964355226455,-0.19890724786504305,-0.04155947232136296,-0.23070366273965653,-0.30094033926474845,-0.05090271652268703
2370,1.0,0.0,-0.1522740277874877,-0.3162362762000624,-0.2396323531870899,-0.06032236684187633,-0.16004900330927302,-0.7130749992182238,-0.5725734001835108,-0.2963633070206598,-0.2847957330461034,2.0902295065837846,-0.41530491663787167,-0.5469841584884874,-0.04155947232136296,1.1634414615330266,-0.30094033926474845,-0.05090271652268703
2371,0.0,0.0,-0.1522740277874877,-0.3162362762000624,-0.37406628444252715,-0.06032236684187633,1.2386611103885823,1.4034657094943745,-0.855948251594665,-0.2963633070206598,-0.2847957330461034,0.42155774597174256,-0.5879490840722384,1.1565445551255853,-0.04155947232136296,-1.0098383825203407,-0.30094033926474845,-0.05090271652268703
2372,0.0,0.0,-0.1522740277874877,-0.3162362762000624,1.2259226087095199,-0.06032236684187633,-0.5417098811589943,-0.4636894112506245,2.1901880520240424,-0.2963633070206598,-0.2847957330461034,-0.5986819638936941,-0.6794685467165101,-0.22302482509068197,-0.04155947232136296,-0.23627022335962455,-0.30094033926474845,-0.05090271652268703
2373,1.0,0.0,-0.1522740277874877,-0.3162362762000624,-1.696555608250622,-0.06032236684187633,0.283322894417175,-0.43525775652231025,-0.1550347140452133,-0.2963633070206598,-0.2847957330461034,-0.8705847833381055,1.9987085274458551,1.4223746980262786,-0.04155947232136296,-0.2535968653804574,-0.30094033926474845,-0.05090271652268703
2374,1.0,0.0,-0.1522740277874877,-0.3162362762000624,-0.21557030828646254,-0.06032236684187633,-0.06258383948343875,-0.6113308125526311,-0.5401740186758682,-0.2963633070206598,-0.2847957330461034,-0.6049466639319444,-0.5733490904777936,-0.5998051309667216,-0.04155947232136296,0.762835423917633,-0.30094033926474845,-0.05090271652268703
2375,1.0,0.0,-0.1522740277874877,-0.9831586592118233,-0.3358051151451069,-0.06032236684187633,-0.27439255569134613,-0.5939909429531859,-0.5533404661941886,-0.2795887205125349,4.896182247340828,-0.6449464739071825,-0.564827479579321,-0.299802719050718,-0.04155947232136296,-0.3275407345444462,-0.12085587529531089,-0.05090271652268703
2376,1.0,0.0,-0.1522740277874877,-0.3162362762000624,-0.038260365577777455,-0.06032236684187633,0.9338459311213749,-0.5948263188040509,-0.5972311936747037,-0.2963633070206598,-0.2847957330461034,-0.6112037662761375,-0.5288750570067274,-0.2435403458742954,-0.04155947232136296,-0.6519019802193076,-0.30094033926474845,-0.05090271652268703
2377,1.0,0.0,-0.1522740277874877,-0.3162362762000624,0.29782921788846867,-0.06032236684187633,-0.08028579200963755,-0.8611349462617555,-0.6057122827127189,-0.2963633070206598,-0.2847957330461034,1.5451186830154235,0.2406590361051733,-0.9228378004411361,-0.04155947232136296,1.4778522397109508,-0.30094033926474845,-0.05090271652268703
2378,0.0,0.0,-0.1522740277874877,-0.3162362762000624,1.0235056464797134,-0.06032236684187633,-1.0809820843059437,0.5189087782354158,1.356922561158571,-0.2963633070206598,-0.2847957330461034,-0.560584722828301,-0.8936243634213589,-0.15777987805895613,-0.04155947232136296,2.4592550858105566,-0.30094033926474845,-0.05090271652268703
2379,1.0,0.0,-0.1522740277874877,-0.3162362762000624,1.6655805127243004,-0.06032236684187633,-0.7930077201587978,0.03389995950993964,1.7922961377116737,-0.2963633070206598,-0.2847957330461034,-0.655463635173348,-0.803598837788297,-0.30452521207503397,-0.04155947232136296,-0.16337972158818262,-0.30094033926474845,-0.05090271652268703
2422,1.0,0.0,-0.1522740277874877,-1.2301005129643765,-0.3358051151451069,-0.06032236684187633,-0.27439255569134613,-0.6678432725708939,2.227483887123608,-0.1822888398696478,0.9228314559775858,-0.6219812843710201,-0.4847024823572385,-0.299802719050718,-0.04155947232136296,-0.3275407345444462,-0.1449137711507917,-0.05090271652268703
2423,1.0,0.0,-0.1522740277874877,-1.1716858713042515,-0.3358051151451069,-0.06032236684187633,-0.27439255569134613,-0.7817941017697606,2.053597301102982,0.44412748451053974,0.2605769774755298,-0.6585189412727337,-0.18945111313222357,-0.299802719050718,-0.04155947232136296,-0.3275407345444462,-0.28379976633075316,-0.05090271652268703
2424,0.0,0.0,-0.1522740277874877,1.6492874037202028,-0.3086643742901258,-0.06032236684187633,-1.148025042948881,1.254515009640136,0.6228834288557098,0.05272212943286622,-0.5730514871146949,-0.7914920584880161,-0.742481082457811,-0.194905676559348,-0.04155947232136296,0.3989816382980362,-0.21138404047489445,-0.05090271652268703
2425,1.0,0.0,-0.1522740277874877,0.826603105347977,-0.3358051151451069,-0.06032236684187633,-0.27439255569134613,-0.6138066648680905,-0.6813666061476564,-0.9818441323398148,-0.1901108064258578,-0.48529354921272794,2.227097101245478,-0.299802719050718,-0.04155947232136296,-0.3275407345444462,-0.1423586489670945,-0.05090271652268703
2426,1.0,0.0,-0.1522740277874877,-0.3162362762000624,-0.3460760159641914,-0.06032236684187633,1.03679791713561,1.3242831006234064,-0.8583252045246004,-0.2963633070206598,-0.2847957330461034,0.49471283205120287,-0.5891438401084478,1.479796637697296,-0.04155947232136296,-1.1104183396310798,-0.30094033926474845,-0.05090271652268703
2427,1.0,0.0,-0.1522740277874877,0.12436061192307117,-0.3358051151451069,-0.06032236684187633,-0.27439255569134613,-0.7238486703770455,-0.7854403758114956,-0.8212806527600328,-0.3338421311530386,0.2007592688491715,1.6583676869445554,-0.299802719050718,-0.04155947232136296,-0.3275407345444462,1.5519281384976178,-0.05090271652268703
2428,0.0,0.0,-0.1522740277874877,-0.3162362762000624,0.09314758365371056,-0.06032236684187633,1.1069228464357148,1.316762141174955,-0.8349724657584005,-0.2963633070206598,-0.2847957330461034,0.485657365455614,-0.6482582105118809,0.46960887554883574,-0.04155947232136296,-1.0753653109455357,-0.30094033926474845,-0.05090271652268703
2429,1.0,0.0,-0.1522740277874877,-0.3162362762000624,-0.21714951023294832,-0.06032236684187633,1.3380549531634378,2.233821135473009,-0.6573687749089117,-0.2963633070206598,-0.2847957330461034,-0.5345011963421636,-0.5711032031970431,-0.21800587517728864,-0.04155947232136296,-0.4025364384746618,-0.30094033926474845,-0.05090271652268703
2430,0.0,0.0,-0.1522740277874877,-0.47107201547077093,-1.195443435549778,-0.06032236684187633,0.8743642829480024,-0.7235967740988732,0.8707868205959298,0.9378687902507395,-0.2590873782293341,-0.8324308595026427,0.9969839458779278,0.13813293409856495,-0.04155947232136296,-0.010038685789534789,-0.08098953427303147,-0.05090271652268703
2431,0.0,0.0,-0.1522740277874877,-0.3162362762000624,0.13620318385995156,-0.06032236684187633,1.6770289287835587,1.5920325828171804,-0.8369280196902343,-0.2963633070206598,-0.2847957330461034,0.2132700842076242,-0.6106159596261909,0.19427165306661706,-0.04155947232136296,-1.0051042059792508,-0.30094033926474845,-0.05090271652268703
2432,0.0,0.0,-0.1522740277874877,0.15574825448725,-0.3358051151451069,-0.06032236684187633,-0.27439255569134613,-0.007213335885478249,-0.6673465105599041,0.17648423853032325,1.047788107915779,1.804362990068905,-0.7768355270684384,-0.299802719050718,-0.04155947232136296,-0.3275407345444462,-1.0143329397398009,-0.05090271652268703
2433,0.0,0.0,-0.1522740277874877,-0.3162362762000624,-0.22028489518303807,-0.06032236684187633,-0.21815151229209107,-0.785788770198512,-0.545306677683069,-0.2963633070206598,-0.2847957330461034,1.997320887304414,-0.2812048095684614,-0.8404032153005141,-0.04155947232136296,1.32641199583433,-0.30094033926474845,-0.05090271652268703
2434,0.0,0.0,-0.1522740277874877,-0.3162362762000624,1.1945712853889736,-0.06032236684187633,-0.3916596370432002,-0.5388749734014723,2.2227374679904743,-0.2963633070206598,-0.2847957330461034,-0.6077822600011842,-0.6316436723886603,-0.2462595199271156,-0.04155947232136296,-0.27666109539025735,-0.30094033926474845,-0.05090271652268703
2435,0.0,0.0,-0.1522740277874877,1.7152641356039695,-0.3358051151451069,-0.06032236684187633,-0.27439255569134613,1.3415755917260832,0.5567201551383157,-0.24154201632304598,-0.7893392780034979,-0.7688450444992614,-0.7662192210094387,-0.299802719050718,-0.04155947232136296,-0.3275407345444462,-0.08471563911418661,-0.05090271652268703
2436,0.0,0.0,-0.1522740277874877,-1.145502349840111,-0.3358051151451069,-0.06032236684187633,-0.27439255569134613,-0.7950376658003315,1.9748432399459308,0.6894288422449458,0.3081005997213235,-0.6789147699545186,-0.09427228980503481,-0.299802719050718,-0.04155947232136296,-0.3275407345444462,-0.07805197420152016,-0.05090271652268703
2437,1.0,0.0,-0.1522740277874877,-0.16677616510773352,-0.3358051151451069,-0.06032236684187633,-0.27439255569134613,-0.24379931787851442,-0.6134057145947057,-0.1110898746613224,0.4267477105133758,1.9940966834833584,-0.7539231968150873,-0.299802719050718,-0.04155947232136296,-0.3275407345444462,-0.9280457511539943,-0.05090271652268703
2438,1.0,0.0,-0.1522740277874877,1.5572578456994528,-0.3358051151451069,-0.06032236684187633,-0.27439255569134613,-0.6082968884470813,-0.6387676147582891,-0.7864137262456126,-0.26021035808366483,-0.5532514689737356,2.2481055041732425,-0.299802719050718,-0.04155947232136296,-0.3275407345444462,-0.17629277421740278,-0.05090271652268703
2439,0.0,0.0,-0.1522740277874877,-0.24070271707697494,-0.09938103852951434,-0.06032236684187633,0.625414083196829,1.1784281876728895,-0.9817738862310174,-0.21906593418738787,1.011165853487884,0.6779487093669778,-0.41494323354877166,6.481308382025068,-0.04155947232136296,-1.0341548884285359,-0.7112234873428342,-0.05090271652268703
2440,1.0,0.0,-0.1522740277874877,1.0136853722117016,-0.3358051151451069,-0.06032236684187633,-0.27439255569134613,-0.6724551610665633,-0.7735665899677336,-0.8335034976324315,-0.22735972500051244,-0.1677747462358245,2.0196557521187186,-0.299802719050718,-0.04155947232136296,-0.3275407345444462,0.7686052256885646,-0.05090271652268703
2441,0.0,0.0,-0.1522740277874877,-0.08108084981596562,3.1484758689254475,-0.06032236684187633,-0.16553356082291593,-0.8149212672404648,-0.7204589665014898,-0.8002610027650663,-0.22923123911474935,0.5859441540250789,1.2717021507184887,-0.8434298256601724,-0.04155947232136296,-0.3070399585711332,1.4359398206685627,-0.05090271652268703
2442,0.0,0.0,-0.1522740277874877,-0.3162362762000624,-0.2334357351073216,-0.06032236684187633,-0.17827862377924378,-0.7331551250109937,-0.5663381392630922,-0.2963633070206598,-0.2847957330461034,2.0744926042802496,-0.38909667385629815,-0.5979039579505132,-0.04155947232136296,1.1856361931022634,-0.30094033926474845,-0.05090271652268703
2443,1.0,0.0,-0.1522740277874877,-0.3162362762000624,-1.531836693220885,-0.06032236684187633,1.602147395255808,-0.4055602166532949,0.13147031065882392,-0.2963633070206598,-0.2847957330461034,-0.9374847685250642,1.7485175840456257,1.518689488072586,-0.04155947232136296,-0.3086852874927544,-0.30094033926474845,-0.05090271652268703
2444,1.0,0.0,-0.1522740277874877,1.245727284632707,-0.2810819613855756,-0.06032236684187633,-0.8709147544641251,-0.5612785914320093,-0.594175523743442,-0.24185412251611463,-0.3966647889943128,-0.5284533922871771,-0.6247167401938366,-0.06817100885326934,-0.04155947232136296,1.5938258396290417,-0.21045555658958448,-0.05090271652268703
2445,1.0,0.0,-0.1522740277874877,-0.3162362762000624,-0.06770161284988109,-0.06032236684187633,0.027291826423213036,-0.6293108318223066,-0.4679530917788474,-0.2963633070206598,-0.2847957330461034,-0.6120905707933111,-0.5688980982782129,-0.953702191799145,-0.04155947232136296,0.6044947672042699,-0.30094033926474845,-0.05090271652268703
2446,1.0,0.0,-0.1522740277874877,0.9429463522010624,-0.28925704394496976,-0.06032236684187633,-0.9454276577988181,-0.5504223195734529,-0.5984870504947655,-0.08209020823945434,-0.5734321795216272,-0.538423829374564,-0.6350474795081796,-0.1247297098068624,-0.04155947232136296,2.234695735661747,-0.2532320289977054,-0.05090271652268703
2447,1.0,0.0,-0.1522740277874877,-1.0238209649807504,-0.3358051151451069,-0.06032236684187633,-0.27439255569134613,-0.7527108762482297,2.1394629280849022,0.18343282684544657,1.1255843039486488,-0.6533414263958384,-0.30548463988817465,-0.299802719050718,-0.04155947232136296,-0.3275407345444462,-0.1680565270916076,-0.05090271652268703
2448,0.0,0.0,-0.1522740277874877,-0.3162362762000624,-1.207953146701148,-0.06032236684187633,1.5818160799196763,-0.5156053513749056,0.27993574593251913,-0.2963633070206598,-0.2847957330461034,-0.9180177101135016,1.599791632913612,1.383494251824864,-0.04155947232136296,-0.1579214416317315,-0.30094033926474845,-0.05090271652268703
2449,1.0,0.0,-0.1522740277874877,-0.3162362762000624,-0.05147532709101295,-0.06032236684187633,-0.3110038020308818,-0.8329368451360508,-0.6808336694516702,-0.2963633070206598,-0.2847957330461034,1.3160969082430296,0.4753685039711949,-0.8980405945402207,-0.04155947232136296,1.042543914015701,-0.30094033926474845,-0.05090271652268703
2492,1.0,0.0,-0.1522740277874877,-0.2718958500463784,-0.3358051151451069,-0.06032236684187633,-0.27439255569134613,0.5542137806294607,-0.744988357209031,-0.16228728317713506,1.3708937049138878,1.2597754475506724,-0.7510864524229198,-0.299802719050718,-0.04155947232136296,-0.3275407345444462,-0.7446171880669994,-0.05090271652268703
2493,1.0,0.0,-0.1522740277874877,-0.11150757725205993,-0.3358051151451069,-0.06032236684187633,-0.27439255569134613,2.232016851623968,-0.45343603243451686,-0.2095542862727667,-1.0322869059434807,-0.7086723793826254,-0.5877389033412452,-0.299802719050718,-0.04155947232136296,-0.3275407345444462,0.5303581318401024,-0.05090271652268703
2494,0.0,0.0,-0.1522740277874877,-0.3162362762000624,-0.6699021496216346,-0.06032236684187633,-0.17630146358735313,-0.6102695302204012,-0.203145235968771,-0.2963633070206598,-0.2847957330461034,-0.8087624313729994,2.020094649178505,1.4157309019924142,-0.04155947232136296,0.0919177170202165,-0.30094033926474845,-0.05090271652268703
2495,1.0,0.0,-0.1522740277874877,-0.3162362762000624,1.2154558335718113,-0.06032236684187633,-1.06203859913581,0.41619454530575656,1.4250960466994271,-0.2963633070206598,-0.2847957330461034,-0.6823125768765204,-0.8175237751222223,-0.3491314517048338,-0.04155947232136296,0.19335353154823784,-0.30094033926474845,-0.05090271652268703
2496,1.0,0.0,-0.1522740277874877,-0.24003038940775012,-0.2312586228545032,-0.06032236684187633,-0.25157192688717317,0.6418894015166721,-0.8040006671711915,-0.11507479550572297,1.308930411877736,1.1865985117556201,-0.7009996001281129,3.104310623590398,-0.04155947232136296,-1.115620973360719,-0.9322816173752406,-0.05090271652268703
2497,1.0,0.0,-0.1522740277874877,-0.3162362762000624,1.510339926681187,-0.06032236684187633,-1.0240315709594472,0.257579093357044,1.5785893395999495,-0.2963633070206598,-0.2847957330461034,-0.6516170532862272,-0.8248669727536928,-0.3609255890120124,-0.04155947232136296,0.1789955774865167,-0.30094033926474845,-0.05090271652268703
2498,0.0,0.0,-0.1522740277874877,-0.3162362762000624,-1.1289134275515893,-0.06032236684187633,0.6019127844357631,-0.6734596958633884,0.5379623140871977,-0.2963633070206598,-0.2847957330461034,-0.8590966186608383,1.3211725413416726,0.9130166459908616,-0.04155947232136296,0.07692025175135746,-0.30094033926474845,-0.05090271652268703
2499,1.0,0.0,-0.1522740277874877,-0.3162362762000624,-0.439584572905422,-0.06032236684187633,-0.17947825271639542,-0.5949598117446383,-0.48051171658005776,-0.2963633070206598,-0.2847957330461034,-0.7004164369748607,2.2179834543971504,1.1297808904826836,-0.04155947232136296,-0.19522715870613003,-0.30094033926474845,-0.05090271652268703
2500,0.0,0.0,-0.1522740277874877,0.17948953310752822,-0.3358051151451069,-0.06032236684187633,-0.27439255569134613,0.1658297826126242,-0.697353369087684,0.038752259743058536,1.3387811179364972,1.6396297258302277,-0.7792482077367888,-0.299802719050718,-0.04155947232136296,-0.3275407345444462,-0.9511782468311714,-0.05090271652268703
2501,0.0,0.0,-0.1522740277874877,-0.3162362762000624,1.2218668586030836,-0.06032236684187633,-0.4210466617422957,-0.49313305427737886,2.2030925026059154,-0.2963633070206598,-0.2847957330461034,-0.6073854977956534,-0.6578003427518632,-0.12172943254507958,-0.04155947232136296,-0.3042568288851797,-0.30094033926474845,-0.05090271652268703
2502,0.0,0.0,-0.1522740277874877,-0.3098008582738561,0.5165549937751375,-0.06032236684187633,0.1497841582304603,-0.8373585154123712,-0.6819740371660955,-0.3073765908788083,-0.2281302888620811,1.122102527712816,0.6742042228910317,-1.0503870101817372,-0.04155947232136296,0.5932193790727894,1.1214717407597363,-0.05090271652268703
2503,0.0,0.0,-0.1522740277874877,-0.16818033010548142,3.3545763658026053,-0.06032236684187633,-0.12481605988178739,-0.83385178296885,-0.6968674393656844,-0.7822483598025828,-0.24432838567616078,0.6591328150308606,1.1831840197082077,-1.0935707475355994,-0.04155947232136296,-0.25900741045272524,1.3882218941431108,-0.05090271652268703
2504,0.0,0.0,-0.1522740277874877,-0.3162362762000624,1.6352187296665692,-0.06032236684187633,-0.8742889855333097,-0.11175959760192651,1.9246744859278266,-0.2963633070206598,-0.2847957330461034,-0.6034841161349072,-0.8027269379151962,-0.2595880440472057,-0.04155947232136296,-0.10626313147411708,-0.30094033926474845,-0.05090271652268703
2505,0.0,0.0,-0.1522740277874877,-0.8572101529534178,-1.1886637049642244,-0.06032236684187633,2.4300041613769,-0.7420600596830194,1.2086427430792759,1.1372859373207187,-0.15594691223692042,-0.8170000642866512,0.6868339881855835,-0.26727859804627346,-0.04155947232136296,-0.29439318693579775,-0.2078842565999361,-0.05090271652268703
2506,0.0,0.0,-0.1522740277874877,-1.2349998812809129,-0.3358051151451069,-0.06032236684187633,-0.27439255569134613,-0.6824963338769636,2.2207159392760945,-0.19293701370934918,0.7179085672889134,-0.6270270699174901,-0.4667981404626508,-0.299802719050718,-0.04155947232136296,-0.3275407345444462,-0.13756280455735753,-0.05090271652268703
2507,1.0,0.0,-0.1522740277874877,-0.19263279887451168,-0.038812213412154434,-0.06032236684187633,-0.1620539513482282,-0.7620124864030259,-0.7717538742911668,-0.4721611852851816,-0.1312175678244601,0.6474456588715573,1.1809816220285885,-0.8767358248091334,-0.04155947232136296,-0.26851256921469047,1.368776816201057,-0.05090271652268703
2508,1.0,0.0,-0.1522740277874877,-0.3162362762000624,-0.27070604520133845,-0.06032236684187633,1.3200521331009456,2.243096855430145,-0.6418046567151445,-0.2963633070206598,-0.2847957330461034,-0.5553292601895339,-0.5695828952937002,-0.24893072485497428,-0.04155947232136296,-0.4133320481319723,-0.30094033926474845,-0.05090271652268703
2509,0.0,0.0,-0.1522740277874877,-0.999892311376119,-0.3358051151451069,-0.06032236684187633,-0.27439255569134613,-0.6814242254751829,2.2212754629188796,-0.17389532696322607,8.703935126752297,-0.6804077237283865,-0.45347381502343737,-0.299802719050718,-0.04155947232136296,-0.3275407345444462,-0.10367283838367368,-0.05090271652268703
2510,1.0,0.0,-0.1522740277874877,0.5597010469736716,-0.3358051151451069,-0.06032236684187633,-0.27439255569134613,-0.7054975676926014,-0.786890860858192,-0.8391040923015197,-0.2706986660718211,0.03051377882006063,1.838643787101694,-0.299802719050718,-0.04155947232136296,-0.3275407345444462,1.2928052311645766,-0.05090271652268703
2511,0.0,0.0,-0.1522740277874877,0.14159965173715341,-0.3358051151451069,-0.06032236684187633,-0.27439255569134613,-0.7887739767582711,-0.7486893570564143,-0.8625346984569843,-0.2794692320121817,0.39663144060327093,1.4731131829811206,-0.299802719050718,-0.04155947232136296,-0.3275407345444462,1.5637679597834833,-0.05090271652268703
2512,0.0,0.0,-0.1522740277874877,-0.3162362762000624,-0.24034319996306178,-0.06032236684187633,-0.20205239797480712,-0.673511203375794,-0.572914398043797,-0.2963633070206598,-0.2847957330461034,2.126574566631581,-0.48859982756638626,-0.46506458658160527,-0.04155947232136296,1.1189617578422772,-0.30094033926474845,-0.05090271652268703
2513,1.0,0.0,-0.1522740277874877,-0.3162362762000624,0.10910378991043122,-0.06032236684187633,-0.18681216875325693,-0.8524170839438584,-0.4301374206824603,-0.2963633070206598,-0.2847957330461034,1.9280461833191989,-0.1769647488911808,-1.546148267776686,-0.04155947232136296,1.4085434825640908,-0.30094033926474845,-0.05090271652268703
2514,1.0,0.0,-0.1522740277874877,-0.9556985576926997,-0.3358051151451069,-0.06032236684187633,-0.27439255569134613,-0.5961105501776696,-0.5514583215771218,-0.28182866978785603,2.208818154352995,-0.6226196904429584,-0.574616768140704,-0.299802719050718,-0.04155947232136296,-0.3275407345444462,-0.19184732619581485,-0.05090271652268703
2515,1.0,0.0,-0.1522740277874877,0.41403466024861385,-0.3358051151451069,-0.06032236684187633,-0.27439255569134613,-0.536728659191129,-0.5774176853848731,-0.010372725101783437,-0.8324080817174363,-0.5109529632503882,-0.7040349483788809,-0.299802719050718,-0.04155947232136296,-0.3275407345444462,0.2925074698594827,-0.05090271652268703
2516,1.0,0.0,-0.1522740277874877,-0.26302203643914973,2.38158490786165,-0.06032236684187633,-0.07499679146146024,-0.6601095004822811,-0.50757962620456,-0.5610249190881056,-0.051112331345425185,-0.6274652920824769,-0.5265061585630572,-0.888983412471911,-0.04155947232136296,-0.28365039689067856,0.8279581621239124,-0.05090271652268703
2517,1.0,0.0,-0.1522740277874877,-0.3162362762000624,-0.13501146514158105,-0.06032236684187633,1.4323279621607221,2.16362809774045,-0.7307746881243933,-0.2963633070206598,-0.2847957330461034,-0.40991190630439184,-0.5584811028962234,-0.1810563402601727,-0.04155947232136296,-0.6210835888173173,-0.30094033926474845,-0.05090271652268703
2518,0.0,0.0,-0.1522740277874877,-0.14438839846093973,-0.3358051151451069,-0.06032236684187633,-0.27439255569134613,0.04318832402606296,-0.7606211546518318,1.549521885547074,1.0953166959049037,1.7804787935826998,-0.7510653618350899,-0.299802719050718,-0.04155947232136296,-0.3275407345444462,-1.0704718408665912,-0.05090271652268703
2519,1.0,0.0,-0.1522740277874877,-0.20703003603952166,-0.24648471825743593,-0.06032236684187633,-0.14314400239146158,0.7886288936428284,-0.7594146281992218,-0.21360431715292372,1.1659060514528714,1.0212686142423797,-0.7487187077532128,0.11493189844911013,-0.04155947232136296,-0.9408704310429526,-0.478321261674973,-0.05090271652268703
